0.000000 0.000000 1.591549 0.000001
0.671620 0.000000 1.591549 0.000001
0.958099 0.000000 1.591549 0.000001
1.071115 0.000000 1.587009 0.120133
1.198028 0.000000 1.587009 0.120133
1.290300 0.016217 1.573435 0.239439
1.325129 0.027024 1.573435 0.239439
1.389780 0.053857 1.573435 0.239439
1.432186 0.091279 1.550891 0.357444
1.448117 0.108146 1.550891 0.357444
1.471018 0.152431 1.519496 0.473458
1.488488 0.197877 1.519496 0.473458
1.494175 0.223468 1.479428 0.586791
1.496560 0.278351 1.479428 0.586791
1.489710 0.342348 1.479428 0.586791
1.487085 0.371901 1.430978 0.696657
1.483174 0.417877 1.430978 0.696657
1.473538 0.469564 1.374310 0.802683
1.468180 0.494084 1.374310 0.802683
1.454462 0.547307 1.374310 0.802683
1.436426 0.601878 1.309807 0.904121
1.428342 0.624148 1.309807 0.904121
1.406224 0.674854 1.237830 1.000403
1.382957 0.730039 1.237830 1.000403
1.368994 0.759971 1.158782 1.090987
1.338066 0.813845 1.158782 1.090987
1.298204 0.870152 1.158782 1.090987
1.280411 0.896461 1.073241 1.175238
1.252980 0.937359 1.073241 1.175238
1.219512 0.981684 0.981574 1.252814
1.203290 1.002513 0.981574 1.252814
1.167645 1.045215 0.981574 1.252814
1.128649 1.087973 0.884213 1.323328
1.111665 1.105970 0.884213 1.323328
1.070153 1.145778 0.781776 1.386310
1.028349 1.184360 0.781776 1.386310
1.004968 1.204142 0.674943 1.441347
0.955266 1.242672 0.674943 1.441347
0.895704 1.282898 0.674943 1.441347
0.868482 1.301919 0.564360 1.488129
0.826186 1.331382 0.564360 1.488129
0.777257 1.361464 0.450546 1.526446
0.753860 1.375276 0.450546 1.526446
0.701864 1.402729 0.450546 1.526446
0.647077 1.428570 0.334026 1.556103
0.624486 1.439248 0.334026 1.556103
0.571182 1.461293 0.215676 1.576868
0.518176 1.482039 0.215676 1.576868
0.489207 1.491969 0.096071 1.588647
0.428826 1.509529 0.096071 1.588647
0.358627 1.525301 0.096071 1.588647
0.326288 1.532946 -0.024009 1.591368
0.276177 1.544554 -0.024009 1.591368
0.217427 1.554778 -0.143920 1.585029
0.188390 1.559360 -0.143920 1.585029
0.131916 1.566246 -0.143920 1.585029
0.073824 1.570491 -0.263030 1.569664
0.049150 1.571857 -0.263030 1.569664
-0.002943 1.573964 -0.380632 1.545364
-0.059799 1.573147 -0.380632 1.545364
-0.090594 1.571374 -0.496072 1.512264
-0.150344 1.566132 -0.496072 1.512264
-0.211354 1.558978 -0.496072 1.512264
-0.244809 1.553470 -0.608789 1.470512
-0.298290 1.544040 -0.608789 1.470512
-0.359684 1.530378 -0.718037 1.420371
-0.389755 1.523287 -0.718037 1.420371
-0.447204 1.507772 -0.822938 1.362279
-0.504535 1.489573 -0.823057 1.362206
-0.528660 1.481469 -0.823057 1.362206
-0.579155 1.463698 -0.923499 1.296217
-0.632681 1.441602 -0.923499 1.296217
-0.661076 1.428444 -1.018694 1.222821
-0.715289 1.401308 -1.018694 1.222821
-0.769914 1.371966 -1.018694 1.222821
-0.799337 1.354721 -1.107980 1.142546
-0.846027 1.326410 -1.107980 1.142546
-0.898285 1.290940 -1.191052 1.055663
-0.923703 1.273177 -1.191052 1.055663
-0.971491 1.237408 -1.267340 0.962746
-1.021501 1.195048 -1.267340 0.962746
-1.047479 1.170148 -1.267340 0.962746
-1.097550 1.122555 -1.336388 0.864347
-1.137797 1.084076 -1.336388 0.864347
-1.158119 1.063026 -1.397815 0.761015
-1.195334 1.021912 -1.397815 0.761015
-1.232306 0.978530 -1.397815 0.761015
-1.251981 0.953327 -1.451240 0.653400
-1.282970 0.912278 -1.451240 0.653400
-1.316798 0.862108 -1.496431 0.541962
-1.333141 0.837099 -1.496431 0.541962
-1.363183 0.787694 -1.533035 0.427591
-1.393192 0.730855 -1.533035 0.427591
-1.407834 0.698517 -1.533035 0.427591
-1.436203 0.636537 -1.560931 0.310685
-1.458941 0.586472 -1.560931 0.310685
-1.469864 0.559644 -1.579929 0.191978
-1.488996 0.508028 -1.579929 0.191978
-1.507859 0.454355 -1.579929 0.191978
-1.517515 0.423764 -1.589914 0.072142
-1.530929 0.374341 -1.589914 0.072142
-1.542905 0.317575 -1.590822 -0.048123
-1.548101 0.290548 -1.590822 -0.048123
-1.557527 0.233539 -1.582666 -0.167923
-1.564390 0.169014 -1.582666 -0.167923
-1.566066 0.133194 -1.582666 -0.167923
-1.568991 0.070160 -1.565501 -0.286768
-1.571680 0.014662 -1.565501 -0.286768
-1.571972 -0.014800 -1.539352 -0.404257
-1.569640 -0.075108 -1.539352 -0.404257
-1.566241 -0.109816 -1.539352 -0.404257
-1.559941 -0.176591 -1.504495 -0.519157
-1.554648 -0.230811 -1.504495 -0.519157
-1.550689 -0.261351 -1.461010 -0.631253
-1.541347 -0.317374 -1.461010 -0.631253
-1.530079 -0.372555 -1.409274 -0.739578
-1.522394 -0.403083 -1.409274 -0.739578
-1.502056 -0.466054 -1.409274 -0.739578
-1.480959 -0.527290 -1.349513 -0.843709
-1.471687 -0.554535 -1.349513 -0.843709
-1.452821 -0.605247 -1.282069 -0.943042
-1.428239 -0.660285 -1.282069 -0.943042
-1.412580 -0.690214 -1.282069 -0.943042
-1.382692 -0.747809 -1.207223 -1.037132
-1.358354 -0.794259 -1.207223 -1.037132
-1.344428 -0.818411 -1.125536 -1.125255
-1.316191 -0.863873 -1.125536 -1.125255
-1.285664 -0.909941 -1.037408 -1.206985
-1.267290 -0.937185 -1.037408 -1.206985
-1.225072 -0.990175 -1.037408 -1.206985
-1.182775 -1.039162 -0.943457 -1.281764
-1.164057 -1.060861 -0.943457 -1.281764
-1.127729 -1.100455 -0.844106 -1.349265
-1.084516 -1.142048 -0.844106 -1.349265
-1.058895 -1.163886 -0.844106 -1.349265
-1.009821 -1.206013 -0.739907 -1.409101
-0.970027 -1.239930 -0.739907 -1.409101
-0.948160 -1.257123 -0.631426 -1.460935
-0.905135 -1.288800 -0.631426 -1.460935
-0.859757 -1.320217 -0.519368 -1.504422
-0.833329 -1.336935 -0.519368 -1.504422
-0.775241 -1.368750 -0.519368 -1.504422
-0.717742 -1.398864 -0.404483 -1.539293
-0.692236 -1.412352 -0.404483 -1.539293
-0.643598 -1.436364 -0.287267 -1.565410
-0.587870 -1.459614 -0.287267 -1.565410
-0.555912 -1.470685 -0.287267 -1.565410
-0.494592 -1.492159 -0.168451 -1.582610
-0.444973 -1.509317 -0.168451 -1.582610
-0.418260 -1.517364 -0.048533 -1.590809
-0.366534 -1.531122 -0.048533 -1.590809
-0.312726 -1.543753 0.071671 -1.589935
-0.281983 -1.549611 0.071671 -1.589935
-0.216240 -1.557858 0.071671 -1.589935
-0.151675 -1.564726 0.191486 -1.579988
-0.122988 -1.567891 0.191486 -1.579988
-0.068908 -1.572330 0.310200 -1.561027
-0.008495 -1.573428 0.310200 -1.561027
0.025342 -1.572298 0.427071 -1.533180
0.090286 -1.569231 0.427071 -1.533180
0.155437 -1.563374 0.427071 -1.533180
0.185472 -1.559733 0.541416 -1.496629
0.236932 -1.553621 0.541416 -1.496629
0.296778 -1.543387 0.652695 -1.451557
0.326215 -1.537664 0.652695 -1.451557
0.386180 -1.522889 0.652695 -1.451557
0.444318 -1.506723 0.760245 -1.398234
0.470827 -1.499624 0.760245 -1.398234
0.525028 -1.481510 0.863469 -1.336956
0.580026 -1.460752 0.863469 -1.336956
0.610213 -1.447744 0.961782 -1.268071
0.667846 -1.422015 0.961782 -1.268071
0.724987 -1.393384 0.961782 -1.268071
0.751062 -1.379275 1.054698 -1.191907
0.795791 -1.355194 1.054698 -1.191907
0.846924 -1.324093 1.141542 -1.109014
0.871869 -1.308126 1.141542 -1.109014
0.921722 -1.272564 1.141542 -1.109014
0.969440 -1.236340 1.221993 -1.019687
0.991300 -1.220071 1.221993 -1.019687
1.034780 -1.183388 1.295397 -0.924649
1.078084 -1.143915 1.295397 -0.924649
1.101285 -1.120731 1.361512 -0.824206
1.145254 -1.075636 1.361512 -0.824206
1.187748 -1.027982 1.361512 -0.824206
1.206763 -1.005257 1.419729 -0.719304
1.239430 -0.966385 1.419729 -0.719304
1.275459 -0.918645 1.469966 -0.610106
1.292743 -0.894621 1.469966 -0.610106
1.325956 -0.843192 1.469966 -0.610106
1.356947 -0.791927 1.511842 -0.497356
1.371265 -0.768744 1.511842 -0.497356
1.398157 -0.718605 1.545052 -0.381895
1.423858 -0.665934 1.545052 -0.381895
1.436879 -0.635820 1.569457 -0.264261
1.461128 -0.577671 1.569457 -0.264261
1.483061 -0.517707 1.569457 -0.264261
1.492358 -0.489576 1.584918 -0.145137
1.508392 -0.441405 1.584918 -0.145137
1.524285 -0.383732 1.591351 -0.025140
1.531495 -0.355018 1.591351 -0.025140
1.543410 -0.294953 1.591351 -0.025140
1.553319 -0.235861 1.588715 -0.094939
1.558082 -0.209027 1.588715 -0.094939
1.564896 -0.177952 1.577015 -0.214597
1.569719 -0.162996 1.577015 -0.214597
1.570807 -0.166299 1.556322 -0.333006
1.572747 -0.173591 1.556322 -0.333006
1.570998 -0.198155 1.556322 -0.333006
1.569422 -0.212542 1.526791 -0.449375
1.566585 -0.237993 1.526791 -0.449375
1.559980 -0.276137 1.488508 -0.563359
1.556106 -0.296367 1.488508 -0.563359
1.544721 -0.343925 1.488508 -0.563359
1.532073 -0.392090 1.441769 -0.674042
1.526429 -0.414079 1.441769 -0.674042
1.510493 -0.465413 1.386788 -0.780928
1.492578 -0.516939 1.386788 -0.780928
1.481343 -0.545452 1.323890 -0.883371
1.458766 -0.601160 1.323890 -0.883371
1.433098 -0.657572 1.323890 -0.883371
1.420646 -0.682971 1.253444 -0.980769
1.397631 -0.730024 1.253444 -0.980769
1.369103 -0.781731 1.175844 -1.072577
1.354758 -0.806394 1.175844 -1.072577
1.321201 -0.858434 1.175844 -1.072577
1.304800 -0.882343 1.091538 -1.158264
1.276751 -0.923235 1.091538 -1.158264
1.241027 -0.970126 1.000980 -1.237364
1.222799 -0.993055 1.000980 -1.237364
1.182665 -1.038810 0.904748 -1.309374
1.142220 -1.082619 0.904748 -1.309374
1.119613 -1.105854 0.904748 -1.309374
1.074693 -1.148601 0.803354 -1.373919
1.032133 -1.187197 0.803354 -1.373919
1.007623 -1.207518 0.697215 -1.430707
0.960247 -1.246103 0.697215 -1.430707
0.910013 -1.282969 0.697215 -1.430707
0.886176 -1.299470 0.587251 -1.479245
0.845403 -1.327625 0.587251 -1.479245
0.795279 -1.358448 0.473954 -1.519341
0.770075 -1.373246 0.473954 -1.519341
0.716130 -1.401150 0.357933 -1.550778
0.662660 -1.427261 0.357933 -1.550778
0.633181 -1.440578 0.357933 -1.550778
0.575850 -1.463916 0.239994 -1.573351
0.522189 -1.484243 0.239994 -1.573351
0.491956 -1.494094 0.120678 -1.586968
0.433876 -1.512788 0.120678 -1.586968
0.373666 -1.528495 0.000656 -1.591549
0.345479 -1.535176 0.000656 -1.591549
0.297232 -1.546413 0.000656 -1.591549
0.239292 -1.556698 -0.119340 -1.587069
0.210424 -1.561309 -0.119340 -1.587069
0.149897 -1.567251 -0.238651 -1.573555
0.090461 -1.572193 -0.238651 -1.573555
0.058059 -1.573660 -0.238651 -1.573555
-0.004107 -1.574437 -0.356575 -1.551091
-0.061756 -1.573766 -0.356575 -1.551091
-0.093723 -1.571760 -0.472566 -1.519773
-0.155154 -1.568516 -0.472566 -1.519773
-0.217558 -1.560990 -0.585960 -1.479757
-0.246604 -1.557249 -0.585960 -1.479757
-0.296072 -1.550321 -0.585960 -1.479757
-0.354495 -1.539176 -0.695987 -1.431304
-0.383559 -1.533468 -0.695987 -1.431304
-0.442882 -1.517227 -0.801934 -1.374748
-0.501052 -1.501598 -0.801934 -1.374748
-0.532137 -1.491564 -0.801934 -1.374748
-0.590999 -1.471062 -0.903293 -1.310379
-0.644507 -1.450472 -0.903293 -1.310379
-0.673360 -1.437413 -0.999666 -1.238426
-0.729173 -1.413838 -0.999666 -1.238426
-0.783274 -1.384594 -1.090273 -1.159454
-0.808326 -1.370755 -1.090273 -1.159454
-0.862724 -1.336017 -1.090273 -1.159454
-0.915201 -1.300672 -1.174573 -1.073968
-0.938567 -1.284901 -1.174573 -1.073968
-0.984995 -1.247206 -1.252209 -0.982345
-1.027991 -1.211319 -1.252209 -0.982345
-1.050532 -1.190474 -1.252209 -0.982345
-1.095819 -1.146591 -1.322758 -0.885066
-1.135377 -1.105986 -1.322758 -0.885066
-1.155721 -1.082694 -1.385716 -0.782829
-1.195976 -1.037368 -1.385716 -0.782829
-1.234401 -0.988318 -1.440856 -0.675991
-1.251597 -0.965607 -1.440856 -0.675991
-1.290647 -0.908883 -1.440856 -0.675991
-1.326409 -0.854761 -1.487714 -0.565452
-1.341783 -0.831344 -1.487714 -0.565452
-1.371160 -0.780541 -1.526108 -0.451689
-1.397481 -0.732714 -1.526108 -0.451689
-1.411020 -0.705951 -1.526108 -0.451689
-1.437110 -0.649977 -1.555821 -0.335337
-1.459163 -0.599208 -1.555821 -0.335337
-1.469841 -0.570902 -1.576700 -0.216906
-1.490530 -0.515372 -1.576700 -0.216906
-1.508825 -0.457105 -1.588569 -0.097351
-1.516459 -0.430243 -1.588569 -0.097351
-1.532117 -0.364366 -1.588569 -0.097351
-1.545621 -0.302004 -1.591385 0.022860
-1.551230 -0.275021 -1.591385 0.022860
-1.560221 -0.217780 -1.585128 0.142824
-1.563660 -0.191014 -1.585128 0.142824
-1.570007 -0.134676 -1.585128 0.142824
-1.573759 -0.073565 -1.569848 0.261929
-1.575177 -0.046127 -1.569848 0.261929
-1.575276 0.011464 -1.545587 0.379723
-1.574016 0.070386 -1.545587 0.379723
-1.572416 0.100714 -1.512566 0.495151
-1.566969 0.158760 -1.512566 0.495151
-1.557331 0.225554 -1.512566 0.495151
-1.552159 0.258246 -1.470916 0.607811
-1.542244 0.315422 -1.470916 0.607811
-1.529682 0.371911 -1.420860 0.717068
-1.523042 0.398039 -1.420860 0.717068
-1.508292 0.452737 -1.362721 0.822205
-1.489340 0.510900 -1.362721 0.822205
-1.480555 0.536918 -1.362721 0.822205
-1.459535 0.590533 -1.296866 0.922588
-1.437740 0.642650 -1.296866 0.922588
-1.424922 0.670177 -1.223613 1.017743
-1.398395 0.722411 -1.223613 1.017743
-1.364720 0.781334 -1.223613 1.017743
-1.347842 0.810007 -1.143360 1.107139
-1.320821 0.854815 -1.143360 1.107139
-1.287995 0.903119 -1.056630 1.190194
-1.272067 0.925665 -1.056630 1.190194
-1.236656 0.973168 -0.963763 1.266566
-1.198123 1.020345 -0.963763 1.266566
-1.181807 1.039610 -0.963763 1.266566
-1.141186 1.083190 -0.865551 1.335609
-1.101696 1.123322 -0.865551 1.335609
-1.079559 1.144727 -0.762418 1.397050
-1.030080 1.187903 -0.762418 1.397050
-0.975060 1.230151 -0.762418 1.397050
-0.951089 1.248778 -0.654951 1.450541
-0.906813 1.282984 -0.654951 1.450541
-0.858138 1.316621 -0.543756 1.495780
-0.831677 1.332794 -0.543756 1.495780
-0.770712 1.366892 -0.429315 1.532553
-0.719609 1.395838 -0.429315 1.532553
-0.699169 1.407201 -0.429315 1.532553
-0.648741 1.431731 -0.312381 1.560592
-0.600197 1.453634 -0.312381 1.560592
-0.573036 1.464960 -0.193736 1.579714
-0.515993 1.486106 -0.193736 1.579714
-0.453614 1.505338 -0.193736 1.579714
-0.424797 1.513618 -0.073956 1.589830
-0.368354 1.529224 -0.073956 1.589830
-0.310748 1.542351 0.046046 1.590883
-0.284356 1.547458 0.046046 1.590883
-0.219430 1.557043 0.166008 1.582868
-0.157867 1.564820 0.166008 1.582868
-0.131175 1.567911 0.166008 1.582868
-0.074368 1.571892 0.284960 1.565831
-0.021170 1.574231 0.284960 1.565831
0.008214 1.574342 0.402295 1.539866
0.071597 1.571683 0.402295 1.539866
0.138950 1.564605 0.402295 1.539866
0.168489 1.561677 0.517236 1.505157
0.222926 1.556127 0.517236 1.505157
0.280470 1.547172 0.629162 1.461911
0.306742 1.542308 0.629162 1.461911
0.370277 1.527522 0.737586 1.410318
0.430231 1.512259 0.737586 1.410318
0.456138 1.505379 0.737586 1.410318
0.510347 1.488270 0.841921 1.350629
0.560605 1.470940 0.841921 1.350629
0.587938 1.460259 0.941339 1.283320
0.643646 1.436372 0.941339 1.283320
0.701643 1.406909 0.941339 1.283320
0.728192 1.393157 1.035427 1.208685
0.779789 1.365786 1.035427 1.208685
0.830639 1.335933 1.123726 1.127063
0.856243 1.318815 1.123726 1.127063
0.912446 1.278014 1.205426 1.039220
0.959911 1.243988 1.205426 1.039220
0.978708 1.230288 1.205426 1.039220
1.022016 1.195038 1.280441 0.945251
1.062380 1.160589 1.280441 0.945251
1.083905 1.140650 1.348139 0.845903
1.127057 1.097965 1.348139 0.845903
1.170276 1.049209 1.348139 0.845903
1.189955 1.026633 1.408071 0.741866
1.226291 0.984527 1.408071 0.741866
1.262537 0.937768 1.459989 0.633610
1.280210 0.912219 1.459989 0.633610
1.317774 0.853199 1.503598 0.521749
1.349672 0.803763 1.503598 0.521749
1.362224 0.783972 1.503598 0.521749
1.389716 0.735014 1.538662 0.406877
1.414725 0.687925 1.538662 0.406877
1.427465 0.661378 1.564960 0.289708
1.452272 0.602814 1.564960 0.289708
1.474698 0.538784 1.582345 0.170921
1.484686 0.510779 1.582345 0.170921
1.502953 0.459104 1.582345 0.170921
1.519414 0.403180 1.590733 0.050975
1.526421 0.373273 1.590733 0.050975
