0.050181
0.050172
0.050181
0.050202
0.050196
0.050207
0.050125
0.050205
0.050176
0.050223
0.050242
0.050125
0.050271
0.050288
0.050145
0.050136
0.050139
0.050263
0.050271
0.050188
0.050142
0.050157
0.050115
0.050124
0.050153
0.050179
0.050199
0.050234
0.050215
0.050220
0.050198
0.050190
0.050221
0.050222
0.050180
0.050120
0.050143
0.050148
0.050166
0.050167
0.050170
0.050188
0.050195
0.050180
0.050255
0.050226
0.050232
0.050229
0.050270
0.050272
0.050221
0.050239
0.050245
0.050290
0.050281
0.050239
0.050185
0.050124
0.050233
0.050233
0.050266
0.050341
0.050150
0.050237
0.050269
0.050456
0.050220
0.050274
0.050269
0.050289
0.050158
0.050156
0.050234
0.050241
0.050185
0.050195
0.050215
0.050182
0.050181
0.050177
0.050203
0.050201
0.050213
0.050235
0.050116
0.050136
0.050204
0.050139
0.050196
0.050230
0.050273
0.050150
0.050272
0.050192
0.050169
0.050110
0.050248
0.050235
0.050193
0.050189
0.050247
0.050236
0.050209
0.050193
0.050239
0.050115
0.050220
0.050136
0.050209
0.050220
0.050172
0.050112
0.050135
0.050236
0.050087
0.050109
0.050153
0.050109
0.050104
0.050161
0.050153
0.050298
0.050132
0.050134
0.050179
0.050211
0.050272
0.050135
0.050142
0.050165
0.050353
0.050212
0.050126
0.050151
0.050121
0.050333
0.050201
0.050131
0.050128
0.050145
0.050190
0.050284
0.050137
0.050123
0.050120
0.050116
0.050137
0.050190
0.050187
0.050131
0.050130
0.050215
0.050203
0.050250
0.050252
0.050134
0.050131
0.050203
0.050192
0.050129
0.050127
0.050122
0.050107
0.050195
0.050124
0.050131
0.050174
0.050119
0.050161
0.050116
0.050110
0.050136
0.050172
0.050163
0.050107
0.050104
0.050120
0.050202
0.050219
0.050197
0.050184
0.050118
0.050128
0.050119
0.050110
0.050125
0.050136
0.050143
0.050206
0.050246
0.050115
0.050150
0.050173
0.050254
0.050266
0.050128
0.050143
0.050148
0.050137
0.050184
0.050135
0.050132
0.050138
0.050142
0.050161
0.050139
0.050135
0.050129
0.050108
0.050107
0.050130
0.050249
0.050249
0.050205
0.050133
0.050228
0.050130
0.050245
0.050137
0.050130
0.050119
0.050159
0.050256
0.050209
0.050128
0.050142
0.050156
0.050292
0.050313
0.050311
0.050361
0.050261
0.050131
0.050138
0.050252
0.050179
0.050252
0.050311
0.050206
0.050301
0.050150
0.050361
0.050291
0.050200
0.050162
0.050313
0.050215
0.050245
0.050153
0.050139
0.050190
0.050137
0.050134
0.050206
0.050131
0.050135
0.050148
0.050130
0.050122
0.050152
0.050129
0.050132
0.050157
0.050351
0.050182
0.050150
0.050164
0.050257
0.050202
0.050137
0.050134
0.050279
0.050291
0.050244
0.050294
0.050263
0.050160
0.050187
0.050109
0.050108
0.050155
0.050135
0.050127
0.050375
0.050141
0.050140
0.050141
0.050200
0.050148
0.050109
0.050141
0.050250
0.050197
0.050259
0.050193
0.050165
0.050145
0.050266
0.050260
0.050144
0.050159
0.050153
0.050304
0.050152
0.050239
0.050297
0.050311
0.050363
0.050166
0.050361
0.050287
0.050163
0.050299
0.050221
0.050338
0.050156
0.050382
0.050292
0.050173
0.050162
0.050321
0.050395
0.050237
0.050210
0.050170
0.050150
0.050137
0.050124
0.050169
0.050088
0.050123
0.050115
0.050120
0.050180
0.050132
0.050207
0.050149
0.050309
0.050148
0.050160
0.050253
0.050315
0.050141
0.050163
0.050129
0.050179
0.050265
0.050154
0.050156
0.050359
0.050269
0.050155
0.050174
0.050297
0.050214
0.050120
0.050256
0.050152
0.050138
0.050170
0.050159
0.050117
0.050142
0.050117
0.050120
0.050146
0.050255
0.050139
0.050140
0.050152
0.050139
0.050126
0.050175
0.050126
0.050125
0.050126
0.050135
0.050272
0.050265
0.050146
0.050146
0.050154
0.050182
0.050276
0.050139
0.050135
0.050291
0.050313
0.050137
0.050127
0.050160
0.050293
0.050306
0.050149
0.050135
0.050146
0.050289
0.050209
0.050153
0.050156
