0.040069
0.040075
0.040073
0.040077
0.040071
0.040070
0.040071
0.040070
0.040083
0.040077
0.040082
0.040075
0.040067
0.040083
0.040076
0.040092
0.040078
0.040074
0.040069
0.040070
0.040078
0.040074
0.040087
0.040069
0.040068
0.040086
0.040076
0.040072
0.040069
0.040092
0.040071
0.040072
0.040069
0.040073
0.040077
0.040069
0.040079
0.040070
0.040068
0.040066
0.040097
0.040082
0.040071
0.040086
0.040073
0.040068
0.040037
0.040075
0.040072
0.040070
0.040090
0.040070
0.040067
0.040068
0.040070
0.040075
0.040078
0.040075
0.040088
0.040090
0.040078
0.040075
0.040089
0.040077
0.040079
0.040107
0.040079
0.040073
0.040070
0.040069
0.040055
0.040068
0.040078
0.040070
0.040071
0.040070
0.040073
0.040072
0.040070
0.040086
0.040071
0.040089
0.040076
0.040033
0.040070
0.040070
0.040083
0.040065
0.040067
0.040068
0.040066
0.040069
0.040081
0.040079
0.040073
0.040160
0.040070
0.040072
0.040072
0.040066
0.040081
0.040075
0.040073
0.040074
0.040072
0.040068
0.040071
0.040080
0.040059
0.040072
0.040089
0.040079
0.040074
0.040073
0.040072
0.040073
0.040075
0.042360
0.040079
0.046895
0.040073
0.040077
0.040090
0.040070
0.040076
0.040099
0.040087
0.040073
0.040073
0.040104
0.040095
0.040080
0.040074
0.040079
0.040081
0.040082
0.040265
0.040075
0.040076
0.040084
0.040087
0.040088
0.040071
0.040111
0.040088
0.040102
0.040088
0.040072
0.040074
0.040079
0.040096
0.040072
0.040072
0.040083
0.040074
0.040073
0.040069
0.040077
0.040069
0.040071
0.040069
0.040069
0.040082
0.040075
0.040086
0.040070
0.040066
0.040066
0.040075
0.040086
0.040095
0.040097
0.040074
0.040072
0.040064
0.040073
0.040077
0.040098
0.040916
0.040076
0.040074
0.040074
0.040082
0.040071
0.040082
0.040072
0.040089
0.040074
0.040034
0.040078
0.040072
0.040073
0.040072
0.040091
0.040071
0.040073
0.040071
0.040085
0.040078
0.040073
0.040089
0.040072
0.040086
0.040078
0.040070
0.040072
0.040071
0.040085
0.040070
0.040074
0.040072
0.040070
0.040071
0.040046
0.040090
0.040069
0.040074
0.040074
0.040085
0.040110
0.040088
0.040112
0.040088
0.040085
0.040080
0.040074
0.040070
0.040077
0.040105
0.040069
0.040071
0.040071
0.040073
0.040074
0.040074
0.040083
0.040086
0.040084
0.040067
0.040083
0.040082
0.040080
0.040126
0.040072
0.040104
0.040069
0.040097
0.040077
0.040071
0.040079
0.040104
0.040081
0.040079
0.040071
0.040073
0.040072
0.040070
0.040107
0.040075
0.040073
0.040074
0.040074
0.040069
0.040097
0.040144
0.040071
0.040071
0.040072
0.040089
0.040178
0.040073
0.040101
0.040073
0.040080
0.040072
0.040069
0.040071
0.040069
0.040103
0.040067
0.040069
0.040071
0.040078
0.040075
0.040094
0.040107
0.040070
0.040070
0.040076
0.040072
0.040074
0.040064
0.040110
0.040078
0.040071
0.040077
0.040080
0.040259
0.040072
0.040111
0.042433
0.040082
0.040073
0.040076
0.040093
0.040077
0.040103
0.040066
0.040123
0.040073
0.040072
0.040081
0.040088
0.040077
0.040104
0.040086
0.040078
0.040071
0.040072
0.040069
0.040069
0.040108
0.040075
0.040076
0.040072
0.040070
0.040070
0.040085
0.040142
0.040082
0.040074
0.040068
0.040094
0.040081
0.040068
0.040107
0.040076
0.040084
0.040082
0.040075
0.040068
0.040091
0.040148
0.040075
0.040071
0.040074
0.040072
0.040075
0.040074
0.040100
0.040071
0.040075
0.040081
0.040074
0.040074
0.040069
0.040109
0.040078
0.040072
0.040075
0.040071
0.040070
0.040081
0.040105
0.040069
0.040066
0.040068
0.040075
0.040072
0.040080
0.040114
0.040074
0.040073
0.040065
0.040081
0.040081
0.040078
0.040079
0.040110
0.040073
0.040068
0.040086
0.040071
0.040068
0.040093
0.040121
0.040077
0.040072
0.040068
0.040072
0.040075
0.040072
0.040176
0.040076
0.040070
0.040071
0.040079
0.040071
0.040080
0.040103
0.040067
0.040077
0.040080
0.040068
0.050516
0.040077
0.040137
0.040113
0.041030
0.040081
0.040074
0.040072
0.040069
0.040098
0.040074
0.040072
0.040081
0.040092
0.040148
0.040077
0.040105
0.040073
0.040082
0.040073
0.040079
0.040074
0.040059
0.040106
0.040074
0.040075
0.040076
0.040069
0.040071
0.040074
0.040098
0.040071
0.040070
0.040072
0.040096
0.040140
0.040074
0.040093
0.040140
0.040076
0.040070
0.040073
0.040077
0.040074
0.040068
0.040095
0.040070
0.040076
0.040075
0.040070
0.040076
0.040071
0.040110
0.040077
0.040075
0.040039
0.040075
0.040076
0.040076
0.040118
0.040084
0.040074
0.040083
0.040074
0.040086
0.040078
0.040092
0.040080
0.040079
0.040076
0.040085
0.040073
0.040069
0.040106
0.040071
0.040074
0.040073
0.040073
0.040040
0.041017
0.040162
0.040071
0.040074
0.040074
0.040086
0.040081
0.040075
0.040102
0.040116
0.040075
0.040078
0.040073
0.040073
0.040085
0.040144
0.040081
