0.050065
0.050072
0.050065
0.050067
0.050064
0.050146
0.050066
0.050069
0.050072
0.050066
0.050069
0.050063
0.050067
0.050030
0.050070
0.050069
0.050066
0.050070
0.050070
0.050064
0.050065
0.050064
0.050067
0.050061
0.050064
0.050067
0.050065
0.050059
0.050075
0.050064
0.052846
0.050070
0.050066
0.050072
0.050083
0.050067
0.050068
0.050065
0.050064
0.050063
0.050062
0.050068
0.050067
0.050063
0.050047
0.050066
0.050067
0.050066
0.050067
0.050063
0.050062
0.050065
0.050062
0.050065
0.050070
0.050063
0.050063
0.050063
0.050072
0.050061
0.050065
0.050065
0.050065
0.050066
0.050067
0.050067
0.050196
0.051042
0.050076
0.050064
0.050074
0.050017
0.050071
0.050064
0.050074
0.050067
0.050068
0.050071
0.050076
0.050068
0.050082
0.050064
0.050089
0.050069
0.050072
0.050073
0.050079
0.050232
0.050083
0.050084
0.050067
0.050092
0.050073
0.050078
0.050074
0.050064
0.050076
0.050080
0.050067
0.050074
0.050071
0.050066
0.050077
0.050071
0.050088
0.050091
0.050028
0.050067
0.050074
0.050077
0.050076
0.050068
0.050073
0.050103
0.050068
0.050072
0.050074
0.050074
0.050070
0.050053
0.050072
0.050074
0.050085
0.050077
0.050068
0.050076
0.050072
0.050072
0.050074
0.050069
0.050085
0.050068
0.050077
0.050058
0.050095
0.050071
0.050071
0.050077
0.050071
0.050069
0.050070
0.050099
0.050073
0.050070
0.050074
0.050072
0.050071
0.050072
0.050070
0.050069
0.050063
0.050073
0.050071
0.050076
0.050067
0.050068
0.050069
0.050070
0.050070
0.050065
0.050068
0.050071
0.050063
0.050074
0.050083
0.050068
0.050074
0.050071
0.050072
0.050076
0.050071
0.050070
0.050069
0.050054
0.050061
0.050068
0.050071
0.050068
0.050068
0.050066
0.050072
0.050079
0.050067
0.050070
0.050074
0.050070
0.050066
0.050078
0.050071
0.050066
0.050066
0.050063
0.050064
0.050067
0.050064
0.050065
0.050066
0.050063
0.050062
0.050067
0.050066
0.050065
0.050072
0.050065
0.050064
0.050067
0.050066
0.050067
0.050065
0.050063
0.050063
0.050067
0.050068
0.050076
0.050067
0.050065
0.050036
0.050066
0.050066
0.050067
0.050068
0.050070
0.050063
0.050068
0.050065
0.050066
0.050064
0.050066
0.050067
0.050065
0.050066
0.050067
0.050064
0.050068
0.050062
0.050064
0.050069
0.050065
0.050069
0.050064
0.050066
0.050068
0.050067
0.050068
0.050065
0.050046
0.050065
0.050064
0.050094
0.050081
0.050069
0.050068
0.050070
0.050068
0.050068
0.050067
0.050066
0.050066
0.050056
0.050067
0.050066
0.050066
0.050068
0.050066
0.050070
0.050066
0.050067
0.050072
0.050065
0.050068
0.050066
0.050068
0.050058
0.050067
0.050070
0.050066
0.050068
0.050065
0.050070
0.050067
0.050067
0.050067
0.050067
0.050069
0.050069
0.050067
0.050029
0.050068
0.050082
0.050083
0.050070
0.050078
0.050081
0.050078
0.050074
0.050080
0.050082
0.050067
0.050049
0.050069
0.050085
0.050077
0.050069
0.050074
0.050074
0.050075
0.050075
0.050079
0.050080
0.050076
0.050040
0.050071
0.050077
0.050071
0.050098
0.050089
0.050084
0.050070
0.050067
0.050076
0.050083
0.052068
0.050067
0.050066
0.050067
0.050067
0.050069
0.050068
0.050067
0.050095
0.050065
0.050084
0.050073
0.050065
0.050060
0.050076
0.050067
0.050073
0.050067
0.050080
0.050068
0.050066
0.050481
0.053930
0.050071
0.050065
0.050067
0.050068
0.050067
0.050062
0.050064
0.050064
0.050071
0.050069
0.050068
0.050071
0.050072
0.050034
0.050072
0.050070
0.050069
0.050063
0.050062
0.050068
0.050069
0.050070
0.050068
0.050072
0.050081
0.050076
0.050065
0.050074
0.050074
0.050064
0.050069
0.050067
0.050074
0.050081
0.050080
0.050082
0.050072
0.050067
0.050065
0.050075
0.050077
0.050064
0.050068
0.050167
0.052568
0.050070
0.050088
0.050090
0.050103
0.050067
0.050088
0.050094
0.050066
0.050090
0.050075
0.050093
0.050072
