0.030198
0.030219
0.030099
0.030080
0.030240
0.030191
0.030213
0.030176
0.030213
0.030081
0.030126
0.030242
0.030219
0.030163
0.030240
0.030211
0.030192
0.030243
0.030215
0.030215
0.030234
0.030317
0.030384
0.030237
0.030258
0.030229
0.030109
0.030337
0.030263
0.030098
0.030227
0.030204
0.030316
0.030084
0.030090
0.030214
0.030207
0.030315
0.030248
0.030107
0.030142
0.030224
0.030259
0.030355
0.030252
0.030230
0.030094
0.030169
0.030238
0.030225
0.030224
0.030211
0.030225
0.030248
0.030274
0.030219
0.030192
0.030225
0.030255
0.030230
0.030105
0.030102
0.030232
0.030090
0.030215
0.030097
0.030097
0.030085
0.030178
0.030221
0.030319
0.030085
0.030207
0.030219
0.030174
0.030284
0.030106
0.030116
0.030169
0.030128
0.030247
0.030122
0.030095
0.030085
0.030091
0.030368
0.030223
0.030098
0.030138
0.030114
0.030297
0.030266
0.030214
0.030100
0.030077
0.030105
0.030283
0.030200
0.030090
0.030122
0.030123
0.030121
0.030257
0.030133
0.030096
0.030095
0.030102
0.030117
0.030227
0.030103
0.030164
0.030149
0.030208
0.030221
0.030149
0.030083
0.030226
0.030086
0.030106
0.030090
0.030082
0.030095
0.030108
0.030133
0.030089
0.030083
0.030153
0.030121
0.030119
0.030112
0.030146
0.030094
0.030122
0.030092
0.030093
0.030088
0.030091
0.030163
0.030234
0.030145
0.030111
0.030073
0.030094
0.030249
0.030153
0.030071
0.030150
0.030088
0.030106
0.030135
0.030130
0.030143
0.030044
0.030284
0.030091
0.030091
0.030222
0.030236
0.030148
0.030107
0.030253
0.030130
0.030148
0.030173
0.030125
0.030102
0.030123
0.030120
0.030220
0.030111
0.030180
0.030095
0.030091
0.030116
0.030084
0.030150
0.030314
0.030096
0.030141
0.030081
0.030261
0.030174
0.030185
0.030086
0.030080
0.030101
0.030121
0.030086
0.030092
0.030076
0.030106
0.030080
0.030123
0.030087
0.030105
0.030121
0.030099
0.030226
0.030107
0.030082
0.030284
0.030121
0.030204
0.030187
0.030087
0.030180
0.030106
0.030135
0.030081
0.030144
0.030098
0.030264
0.030096
0.030106
0.030110
0.030141
0.030123
0.030226
0.030087
0.030080
0.030101
0.030266
0.030082
0.030281
0.030082
0.030091
0.030311
0.030255
0.030263
0.030084
0.030083
0.030099
0.030118
0.030091
0.030234
0.030132
0.030086
0.030100
0.030110
0.030091
0.030092
0.030085
0.030121
0.030260
0.030079
0.030091
0.030227
0.030135
0.030277
0.030160
0.030091
0.030125
0.030082
0.030310
0.030156
0.030127
0.030095
0.030084
0.030260
0.030248
0.030088
0.030124
0.030099
0.030234
0.030079
0.030085
0.030130
0.030142
0.030107
0.030193
0.030091
0.030113
0.030144
0.030086
0.030275
0.030151
0.030074
0.030078
0.030136
0.030119
0.030090
0.030163
0.030077
0.030099
0.030244
0.030095
0.030110
0.030091
0.030133
0.030144
0.030093
0.030103
0.030099
0.030151
0.030092
0.030257
0.030134
0.030174
0.030092
0.030112
0.030110
0.030102
0.030081
0.030142
0.030077
0.030135
0.030089
0.030089
0.030076
0.030223
0.030321
0.030177
0.030097
0.030086
0.030087
0.030074
0.030243
0.030090
0.030085
0.030098
0.030094
0.030118
0.030109
0.030215
0.030135
0.030100
0.030155
0.030299
0.030082
0.030180
0.030267
0.030326
0.030116
0.030210
0.030241
0.030098
0.030163
0.030092
0.030245
0.030246
0.030098
0.030102
0.030099
0.030123
0.030120
0.030091
0.030168
0.030201
0.030102
0.030080
0.030100
0.030232
0.030153
0.030313
0.030103
0.030119
0.030092
0.030086
0.030256
0.030186
0.030214
0.030218
0.030204
0.030291
0.030226
0.030236
0.030145
0.030227
0.030220
0.030108
0.030311
0.030084
0.030223
0.030220
0.030291
0.030177
0.030218
0.030133
0.030144
0.030249
0.030142
0.030318
0.030085
0.030221
0.030226
0.030151
0.030235
0.030089
0.030216
0.030214
0.030133
0.030307
0.030098
0.030099
0.030191
0.030209
0.030224
0.030128
0.030084
0.030100
0.030091
0.030263
0.030221
0.030155
0.030225
0.030088
0.030255
0.030133
0.030232
0.030221
0.030089
0.030261
0.030313
0.030233
0.030217
0.030114
0.030218
0.030099
0.030228
0.030206
0.030106
0.030229
0.030257
0.030219
0.030248
0.030205
0.030229
0.030113
0.030219
0.030227
0.030253
0.030225
0.030224
0.030222
0.030250
0.030232
0.030197
0.030269
0.030161
0.030230
0.030145
0.030197
0.030210
0.030258
0.030242
0.030156
0.030094
0.030210
0.030219
0.030262
0.030110
0.030085
0.030109
0.030145
0.030245
0.030136
0.030222
0.030200
0.030221
0.030196
0.030097
0.030228
0.030223
0.030254
0.030232
0.030093
0.030258
0.030202
0.030224
0.030149
0.030229
0.030266
0.030223
0.030206
0.030097
0.030132
0.030127
0.030071
0.030109
0.030075
0.030040
0.030268
0.030112
0.030150
0.030246
0.030166
0.030218
0.030288
0.030193
0.030208
0.030127
0.030271
0.030397
0.030124
0.030186
0.030106
0.030285
0.030273
0.030243
0.030096
0.030104
0.030217
0.030308
0.030183
0.030077
0.030090
0.030244
0.030105
0.030217
0.030219
0.030094
0.030245
0.030266
0.030154
0.030171
0.030118
0.030212
0.030213
0.030176
0.030157
0.030094
0.030112
0.030164
0.030304
0.030220
0.030097
0.030219
0.030227
0.030261
0.030273
0.030096
0.030115
0.030221
0.030090
0.030315
0.030102
0.030121
0.030077
0.030211
0.030253
0.030086
0.030083
0.030123
0.030095
0.030330
0.030149
0.030154
0.030088
0.030102
0.030127
0.030252
0.030233
0.030216
0.030073
0.030210
0.030083
0.030207
0.030248
0.030091
0.030095
0.030113
0.030113
0.030080
0.030111
0.030092
0.030183
0.030093
0.030099
0.030121
0.030160
0.030079
0.030269
0.030157
0.030083
0.030086
0.030081
0.030118
0.030254
0.030091
0.030094
0.030082
0.030447
0.030119
0.030233
0.030091
0.030140
0.030312
0.030250
0.030325
0.030092
0.030111
0.030189
0.030206
0.030210
0.030075
0.030074
0.030077
0.030189
0.030107
0.030194
0.030196
0.030088
0.030098
0.030099
0.030110
0.030096
0.030197
0.030230
0.030095
0.030097
0.030111
0.030113
0.030224
0.030244
0.030099
0.030084
0.030115
0.030113
0.030223
0.030238
0.030083
0.030080
0.030163
0.030109
0.030223
0.030072
0.030097
0.030176
0.030093
0.030076
0.030108
0.030111
0.030089
0.030110
0.030239
0.030285
0.030097
0.030074
0.030135
0.030224
0.030183
0.030088
0.030095
0.030079
0.030131
0.030216
0.030193
0.030112
0.030098
0.030093
0.030118
0.030201
0.030086
0.030228
0.030193
0.030097
0.030085
0.030091
0.030109
0.030204
0.030250
0.030080
0.030111
0.030105
