0.120185
0.120090
0.120150
0.120203
0.120220
0.120087
0.120230
0.120219
0.120221
0.120238
0.120085
0.120098
0.120223
0.120259
0.120186
0.120086
0.120102
0.120246
0.120169
0.120191
0.120122
0.120093
0.120106
0.120099
0.120108
0.120214
0.120218
0.120077
0.120188
0.120217
0.120085
0.120214
0.120231
0.120218
0.120221
0.120159
0.120263
0.120101
0.120208
0.120230
0.120230
0.120274
0.120094
0.120090
0.120380
0.120092
0.120247
0.120070
0.120080
0.120089
0.120244
0.120172
0.120203
0.120093
0.120134
0.120180
0.120239
0.120215
0.120083
0.120103
0.120078
0.120215
0.120220
0.120239
0.120231
0.120153
0.120072
0.120084
0.120069
0.120068
0.120069
0.120165
0.120077
0.120080
0.120136
0.120231
0.120151
0.120210
0.120157
0.120289
0.120156
0.120138
0.120192
0.120125
0.120247
0.120221
0.120079
0.120259
0.120165
0.120215
0.120227
0.120217
0.120229
0.120224
0.120256
0.120211
0.120215
0.120390
0.120218
0.120202
0.120217
0.120097
0.120103
0.120116
0.120094
0.120099
0.120070
0.120163
0.120260
0.120236
0.120113
0.120087
0.120287
0.120212
0.120078
0.120107
0.120181
0.120083
0.120250
0.120082
0.120085
0.120098
0.120275
0.120165
0.120256
0.120144
0.120094
0.120277
0.120077
0.120128
0.120190
0.120157
0.120079
0.120096
0.120151
0.120106
0.120255
0.120072
0.120072
0.120068
0.120071
0.120221
0.120089
0.120133
0.120302
0.120165
0.120103
0.120092
0.120120
0.120183
0.120225
0.120094
0.120080
0.120092
0.120109
0.120262
0.120087
0.120256
0.120082
0.120072
0.120098
0.120090
0.120095
0.120110
0.120121
0.120258
0.120086
0.120112
