0.000003 1.000000 0.628319 0.000000 0.000000 0.000000
0.030188 1.000000 0.628319 0.000000 0.025000 0.031416
0.060437 1.000000 0.628319 0.000452 0.075174 0.094248
0.090702 1.000000 0.628319 0.000452 0.075174 0.094248
0.121009 1.000000 0.628319 0.002257 0.125849 0.157080
0.151397 1.000000 0.628319 0.005865 0.176919 0.219911
0.181636 1.000000 0.628319 0.005865 0.176919 0.219911
0.211970 1.000000 0.628319 0.011269 0.228331 0.282743
0.242133 1.000000 0.628319 0.011269 0.228331 0.282743
0.272455 1.000000 0.628319 0.018460 0.280029 0.345575
0.302820 1.000000 0.628319 0.027424 0.331957 0.408407
0.332948 1.000000 0.628319 0.027424 0.331957 0.408407
0.363275 1.000000 0.628319 0.038147 0.384057 0.471239
0.393587 1.000000 0.628319 0.038147 0.384057 0.471239
0.423906 1.000000 0.628319 0.050609 0.436269 0.534071
0.454190 1.000000 0.628319 0.064789 0.488533 0.596903
0.484461 1.000000 0.628319 0.064789 0.488533 0.596903
0.514746 1.000000 0.628319 0.080663 0.540786 0.659734
0.545125 1.000000 0.628319 0.080663 0.540786 0.659734
0.575216 1.000000 0.628319 0.098201 0.592964 0.722566
0.605508 1.000000 0.628319 0.117375 0.645003 0.785398
0.635698 1.000000 0.628319 0.117375 0.645003 0.785398
0.665962 1.000000 0.628319 0.138151 0.696838 0.848230
0.696224 1.000000 0.628319 0.138151 0.696838 0.848230
0.726590 1.000000 0.628319 0.160493 0.748403 0.911062
0.756823 1.000000 0.628319 0.184364 0.799629 0.973894
0.787088 1.000000 0.628319 0.184364 0.799629 0.973894
0.817371 1.000000 0.628319 0.209721 0.850450 1.036726
0.847682 1.000000 0.628319 0.209721 0.850450 1.036726
0.878153 1.000000 0.628319 0.236524 0.900797 1.099557
0.908437 1.000000 0.628319 0.264726 0.950602 1.162389
0.938652 1.000000 0.628319 0.264726 0.950602 1.162389
0.968945 1.000000 0.628319 0.294280 0.999797 1.225221
0.999162 1.000000 0.628319 0.294280 0.999797 1.225221
1.029344 1.000000 0.628319 0.325136 1.048312 1.288053
1.059567 1.000000 0.628319 0.357245 1.096080 1.350885
1.089841 1.000000 0.628319 0.357245 1.096080 1.350885
1.120120 1.000000 0.628319 0.390552 1.143032 1.413717
1.150387 1.000000 0.628319 0.390552 1.143032 1.413717
1.180646 1.000000 0.628319 0.425004 1.189099 1.476549
1.211044 1.000000 0.628319 0.460545 1.234216 1.539380
1.241325 1.000000 0.628319 0.460545 1.234216 1.539380
1.271590 1.000000 0.628319 0.497117 1.278315 1.602212
1.301683 1.000000 0.628319 0.497117 1.278315 1.602212
1.332040 1.000000 0.628319 0.534663 1.321331 1.665044
1.362277 1.000000 0.628319 0.573123 1.363199 1.727876
1.392535 1.000000 0.628319 0.573123 1.363199 1.727876
1.422811 1.000000 0.628319 0.612437 1.403855 1.790708
1.453067 1.000000 0.628319 0.612437 1.403855 1.790708
1.483177 1.000000 0.628319 0.652544 1.443238 1.853540
1.513443 1.000000 0.628319 0.693384 1.481286 1.916372
1.543847 1.000000 0.628319 0.693384 1.481286 1.916372
1.574010 1.000000 0.628319 0.734893 1.517942 1.979203
1.604182 1.000000 0.628319 0.734893 1.517942 1.979203
1.634494 1.000000 0.628319 0.777010 1.553146 2.042035
1.664802 1.000000 0.628319 0.819674 1.586845 2.104867
1.695206 1.000000 0.628319 0.819674 1.586845 2.104867
1.725664 1.000000 0.628319 0.862821 1.618985 2.167699
1.755954 1.000000 0.628319 0.862821 1.618985 2.167699
1.786397 1.000000 0.628319 0.906389 1.649514 2.230531
1.816825 1.000000 0.628319 0.950318 1.678384 2.293363
1.847248 1.000000 0.628319 0.950318 1.678384 2.293363
1.877688 1.000000 0.628319 0.994545 1.705548 2.356194
1.907996 1.000000 0.628319 0.994545 1.705548 2.356194
1.938312 1.000000 0.628319 1.039009 1.730962 2.419026
1.968673 1.000000 0.628319 1.083652 1.754586 2.481858
1.999104 1.000000 0.628319 1.083652 1.754586 2.481858
2.029361 1.000000 0.628319 1.128413 1.776380 2.544690
2.059647 1.000000 0.628319 1.128413 1.776380 2.544690
2.089960 1.000000 0.628319 1.173234 1.796309 2.607522
2.120275 1.000000 0.628319 1.218059 1.814340 2.670354
2.150570 1.000000 0.628319 1.218059 1.814340 2.670354
2.180881 1.000000 0.628319 1.262830 1.830444 2.733186
2.211304 1.000000 0.628319 1.262830 1.830444 2.733186
2.241668 1.000000 0.628319 1.307493 1.844594 2.796017
2.271981 1.000000 0.628319 1.351994 1.856766 2.858849
2.302533 1.000000 0.628319 1.351994 1.856766 2.858849
2.332831 1.000000 0.628319 1.396282 1.866941 2.921681
2.363074 1.000000 0.628319 1.396282 1.866941 2.921681
2.393523 1.000000 0.628319 1.440305 1.875101 2.984513
2.423841 1.000000 0.628319 1.484016 1.881233 3.047345
2.454161 1.000000 0.628319 1.484016 1.881233 3.047345
2.484463 1.000000 0.628319 1.527365 1.885327 3.110177
2.514885 1.000000 0.628319 1.527365 1.885327 3.110177
2.545013 1.000000 0.628319 1.570309 1.887375 3.173009
2.575438 1.000000 0.628319 1.612803 1.887375 3.235840
2.605606 1.000000 0.628319 1.612803 1.887375 3.235840
2.636079 1.000000 0.628319 1.654805 1.885327 3.298672
2.666180 1.000000 0.628319 1.696275 1.881233 3.361504
2.696598 1.000000 0.628319 1.696275 1.881233 3.361504
2.727048 1.000000 0.628319 1.737175 1.875101 3.424336
2.757324 1.000000 0.628319 1.737175 1.875101 3.424336
2.787666 1.000000 0.628319 1.777469 1.866941 3.487168
2.817879 1.000000 0.628319 1.817123 1.856766 3.550000
2.848297 1.000000 0.628319 1.817123 1.856766 3.550000
2.878674 1.000000 0.628319 1.856104 1.844594 3.612832
2.908974 1.000000 0.628319 1.856104 1.844594 3.612832
2.939285 1.000000 0.628319 1.894382 1.830444 3.675663
2.969572 1.000000 0.628319 1.931928 1.814340 3.738495
3.000003 1.000000 0.628319 1.931928 1.814340 3.738495
3.030269 1.000000 0.628319 1.968717 1.796309 3.801327
3.060699 1.000000 0.628319 1.968717 1.796309 3.801327
3.091002 1.000000 0.628319 2.004724 1.776380 3.864159
3.121156 1.000000 0.628319 2.039926 1.754586 3.926991
3.151581 1.000000 0.628319 2.039926 1.754586 3.926991
3.181892 1.000000 0.628319 2.074303 1.730962 3.989823
3.212319 1.000000 0.628319 2.074303 1.730962 3.989823
3.242672 1.000000 0.628319 2.107836 1.705548 4.052655
3.272867 1.000000 0.628319 2.140508 1.678384 4.115486
3.303291 1.000000 0.628319 2.140508 1.678384 4.115486
3.333598 1.000000 0.628319 2.172304 1.649514 4.178318
3.363980 1.000000 0.628319 2.172304 1.649514 4.178318
3.394300 1.000000 0.628319 2.203211 1.618985 4.241150
3.424780 1.000000 0.628319 2.233217 1.586845 4.303982
3.455091 1.000000 0.628319 2.233217 1.586845 4.303982
3.485519 1.000000 0.628319 2.262311 1.553146 4.366814
3.515643 1.000000 0.628319 2.262311 1.553146 4.366814
3.546062 1.000000 0.628319 2.290485 1.517942 4.429646
3.576217 1.000000 0.628319 2.317732 1.481286 4.492477
3.606525 1.000000 0.628319 2.317732 1.481286 4.492477
3.636953 1.000000 0.628319 2.344046 1.443238 4.555309
3.667274 1.000000 0.628319 2.344046 1.443238 4.555309
3.697579 1.000000 0.628319 2.369423 1.403855 4.618141
3.728007 1.000000 0.628319 2.393859 1.363199 4.680973
3.758324 1.000000 0.628319 2.393859 1.363199 4.680973
3.788582 1.000000 0.628319 2.417352 1.321331 4.743805
3.818969 1.000000 0.628319 2.417352 1.321331 4.743805
3.849403 1.000000 0.628319 2.439902 1.278315 4.806637
3.879717 1.000000 0.628319 2.461508 1.234216 4.869469
3.910140 1.000000 0.628319 2.461508 1.234216 4.869469
3.940258 1.000000 0.628319 2.482170 1.189099 4.932300
3.970563 1.000000 0.628319 2.482170 1.189099 4.932300
4.001011 1.000000 0.628319 2.501891 1.143032 4.995132
4.031382 1.000000 0.628319 2.520674 1.096080 5.057964
4.061690 1.000000 0.628319 2.520674 1.096080 5.057964
4.091967 1.000000 0.628319 2.538520 1.048312 5.120796
4.122280 1.000000 0.628319 2.538520 1.048312 5.120796
4.152733 1.000000 0.628319 2.555433 0.999797 5.183628
4.183030 1.000000 0.628319 2.571418 0.950602 5.246460
4.213352 1.000000 0.628319 2.571418 0.950602 5.246460
4.243669 1.000000 0.628319 2.586478 0.900797 5.309292
4.273972 1.000000 0.628319 2.586478 0.900797 5.309292
4.304399 1.000000 0.628319 2.600619 0.850450 5.372123
4.334829 1.000000 0.628319 2.613845 0.799629 5.434955
4.365030 1.000000 0.628319 2.613845 0.799629 5.434955
4.395463 1.000000 0.628319 2.626160 0.748403 5.497787
4.425759 1.000000 0.628319 2.626160 0.748403 5.497787
4.455976 1.000000 0.628319 2.637571 0.696838 5.560619
4.486355 1.000000 0.628319 2.648081 0.645003 5.623451
4.516675 1.000000 0.628319 2.648081 0.645003 5.623451
4.546971 1.000000 0.628319 2.657696 0.592964 5.686283
4.577229 1.000000 0.628319 2.657696 0.592964 5.686283
4.607654 1.000000 0.628319 2.666420 0.540786 5.749115
4.638158 1.000000 0.628319 2.674257 0.488533 5.811946
4.668611 1.000000 0.628319 2.674257 0.488533 5.811946
4.698807 1.000000 0.628319 2.681213 0.436269 5.874778
4.728957 1.000000 0.628319 2.681213 0.436269 5.874778
4.759253 1.000000 0.628319 2.687290 0.384057 5.937610
4.789567 1.000000 0.628319 2.692492 0.331957 6.000442
4.819856 1.000000 0.628319 2.692492 0.331957 6.000442
4.850278 1.000000 0.628319 2.696823 0.280029 6.063274
4.880585 1.000000 0.628319 2.700284 0.228331 6.126106
4.910754 1.000000 0.628319 2.700284 0.228331 6.126106
4.941088 1.000000 0.628319 2.702878 0.176919 6.188938
4.971361 1.000000 0.628319 2.702878 0.176919 6.188938
5.001674 1.000000 0.628319 2.704606 0.125849 6.251769
5.031882 1.000000 0.628319 2.705470 0.075174 6.314601
5.062312 1.000000 0.628319 2.705470 0.075174 6.314601
5.092741 1.000000 0.628319 2.705470 0.024944 6.377433
5.122894 1.000000 0.628319 2.705470 0.024944 6.377433
5.153347 1.000000 0.628319 2.704606 -0.024790 6.440265
5.183546 1.000000 0.628319 2.702878 -0.073980 6.503097
5.213852 1.000000 0.628319 2.702878 -0.073980 6.503097
5.244158 1.000000 0.628319 2.700284 -0.122582 6.565929
5.274489 1.000000 0.628319 2.700284 -0.122582 6.565929
5.304901 1.000000 0.628319 2.696823 -0.170550 6.628760
5.335004 1.000000 0.628319 2.692492 -0.217844 6.691592
5.365147 1.000000 0.628319 2.692492 -0.217844 6.691592
5.395420 1.000000 0.628319 2.687290 -0.264424 6.754424
5.425838 1.000000 0.628319 2.687290 -0.264424 6.754424
5.455940 1.000000 0.628319 2.681213 -0.310251 6.817256
5.486084 1.000000 0.628319 2.674257 -0.355290 6.880088
5.516574 1.000000 0.628319 2.674257 -0.355290 6.880088
5.547041 1.000000 0.628319 2.666420 -0.399507 6.942920
5.577390 1.000000 0.628319 2.666420 -0.399507 6.942920
5.607719 1.000000 0.628319 2.657696 -0.442871 7.005752
5.637880 1.000000 0.628319 2.648081 -0.485352 7.068583
5.668300 1.000000 0.628319 2.648081 -0.485352 7.068583
5.698612 1.000000 0.628319 2.637571 -0.526921 7.131415
5.728926 1.000000 0.628319 2.637571 -0.526921 7.131415
5.759082 1.000000 0.628319 2.626160 -0.567553 7.194247
5.789239 1.000000 0.628319 2.613845 -0.607225 7.257079
5.819658 1.000000 0.628319 2.613845 -0.607225 7.257079
5.850073 1.000000 0.628319 2.600619 -0.645914 7.319911
5.880383 1.000000 0.628319 2.600619 -0.645914 7.319911
5.910800 1.000000 0.628319 2.586478 -0.683599 7.382743
5.941101 1.000000 0.628319 2.571418 -0.720263 7.445575
5.971527 1.000000 0.628319 2.571418 -0.720263 7.445575
6.001983 1.000000 0.628319 2.555433 -0.755889 7.508406
6.032426 1.000000 0.628319 2.555433 -0.755889 7.508406
6.062732 1.000000 0.628319 2.538520 -0.790461 7.571238
6.093151 1.000000 0.628319 2.520674 -0.823966 7.634070
6.123449 1.000000 0.628319 2.520674 -0.823966 7.634070
6.153878 1.000000 0.628319 2.501891 -0.856392 7.696902
6.184300 1.000000 0.628319 2.501891 -0.856392 7.696902
6.214732 1.000000 0.628319 2.482170 -0.887730 7.759734
6.245155 1.000000 0.628319 2.461508 -0.917968 7.822566
6.275429 1.000000 0.628319 2.461508 -0.917968 7.822566
6.305734 1.000000 0.628319 2.439902 -0.947101 7.885398
6.336165 1.000000 0.628319 2.439902 -0.947101 7.885398
6.366479 1.000000 0.628319 2.417352 -0.975120 7.948229
6.396908 1.000000 0.628319 2.393859 -1.002021 8.011061
6.427331 1.000000 0.628319 2.393859 -1.002021 8.011061
6.457680 1.000000 0.628319 2.369423 -1.027799 8.073893
6.488112 1.000000 0.628319 2.369423 -1.027799 8.073893
6.518430 1.000000 0.628319 2.344046 -1.052451 8.136725
6.548748 1.000000 0.628319 2.317732 -1.075975 8.199557
6.579084 1.000000 0.628319 2.317732 -1.075975 8.199557
6.609431 1.000000 0.628319 2.290485 -1.098368 8.262389
6.639757 1.000000 0.628319 2.290485 -1.098368 8.262389
6.670195 1.000000 0.628319 2.262311 -1.119629 8.325221
6.700663 1.000000 0.628319 2.233217 -1.139759 8.388052
6.731000 1.000000 0.628319 2.233217 -1.139759 8.388052
6.761336 1.000000 0.628319 2.203211 -1.158757 8.450884
6.791668 1.000000 0.628319 2.203211 -1.158757 8.450884
6.821986 1.000000 0.628319 2.172304 -1.176625 8.513716
6.852333 1.000000 0.628319 2.140508 -1.193362 8.576548
6.882779 1.000000 0.628319 2.140508 -1.193362 8.576548
6.913108 1.000000 0.628319 2.107836 -1.208971 8.639380
6.943205 1.000000 0.628319 2.074303 -1.223454 8.702212
6.973372 1.000000 0.628319 2.074303 -1.223454 8.702212
7.003506 1.000000 0.628319 2.039926 -1.236812 8.765044
7.033926 1.000000 0.628319 2.039926 -1.236812 8.765044
7.064348 1.000000 0.628319 2.004724 -1.249047 8.827875
7.094453 1.000000 0.628319 1.968717 -1.260161 8.890707
7.124769 1.000000 0.628319 1.968717 -1.260161 8.890707
7.154925 1.000000 0.628319 1.931928 -1.270157 8.953539
7.185056 1.000000 0.628319 1.931928 -1.270157 8.953539
7.215372 1.000000 0.628319 1.894382 -1.279037 9.016371
7.245595 1.000000 0.628319 1.856104 -1.286801 9.079203
7.276077 1.000000 0.628319 1.856104 -1.286801 9.079203
7.306389 1.000000 0.628319 1.817123 -1.293453 9.142035
7.336814 1.000000 0.628319 1.817123 -1.293453 9.142035
7.367127 1.000000 0.628319 1.777469 -1.298994 9.204866
7.397419 1.000000 0.628319 1.737175 -1.303424 9.267698
7.427848 1.000000 0.628319 1.737175 -1.303424 9.267698
7.458158 1.000000 0.628319 1.696275 -1.306746 9.330530
7.488472 1.000000 0.628319 1.696275 -1.306746 9.330530
7.518919 1.000000 0.628319 1.654805 -1.308960 9.393362
7.549232 1.000000 0.628319 1.612803 -1.310067 9.456194
7.579505 1.000000 0.628319 1.612803 -1.310067 9.456194
7.609795 1.000000 0.628319 1.570309 -1.310067 9.519026
7.640106 1.000000 0.628319 1.570309 -1.310067 9.519026
7.670538 1.000000 0.628319 1.527365 -1.308960 9.581858
7.700913 1.000000 0.628319 1.484016 -1.306746 9.644689
7.731338 1.000000 0.628319 1.484016 -1.306746 9.644689
7.761760 1.000000 0.628319 1.440305 -1.303424 9.707521
7.792098 1.000000 0.628319 1.440305 -1.303424 9.707521
7.822406 1.000000 0.628319 1.396282 -1.298994 9.770353
7.852823 1.000000 0.628319 1.351994 -1.293453 9.833185
7.883256 1.000000 0.628319 1.351994 -1.293453 9.833185
7.913688 1.000000 0.628319 1.307493 -1.286801 9.896017
7.944101 1.000000 0.628319 1.307493 -1.286801 9.896017
7.974531 1.000000 0.628319 1.262830 -1.279037 9.958849
8.004822 1.000000 0.628319 1.218059 -1.270157 10.021681
8.035241 1.000000 0.628319 1.218059 -1.270157 10.021681
8.065675 1.000000 0.628319 1.173234 -1.260161 10.084512
8.096096 1.000000 0.628319 1.173234 -1.260161 10.084512
8.126468 1.000000 0.628319 1.128413 -1.249047 10.147344
8.156795 1.000000 0.628319 1.083652 -1.236812 10.210176
8.187222 1.000000 0.628319 1.083652 -1.236812 10.210176
8.217616 1.000000 0.628319 1.039009 -1.223454 10.273008
8.248081 1.000000 0.628319 1.039009 -1.223454 10.273008
8.278234 1.000000 0.628319 0.994545 -1.208971 10.335840
8.308421 1.000000 0.628319 0.950318 -1.193362 10.398672
8.338724 1.000000 0.628319 0.950318 -1.193362 10.398672
8.368835 1.000000 0.628319 0.906389 -1.176625 10.461504
8.399129 1.000000 0.628319 0.906389 -1.176625 10.461504
8.429408 1.000000 0.628319 0.862821 -1.158757 10.524335
8.459827 1.000000 0.628319 0.819674 -1.139759 10.587167
8.490046 1.000000 0.628319 0.819674 -1.139759 10.587167
8.520145 1.000000 0.628319 0.777010 -1.119629 10.649999
8.550566 1.000000 0.628319 0.777010 -1.119629 10.649999
8.580978 1.000000 0.628319 0.734893 -1.098368 10.712831
8.611087 1.000000 0.628319 0.693384 -1.075975 10.775663
8.641394 1.000000 0.628319 0.693384 -1.075975 10.775663
8.671703 1.000000 0.628319 0.652544 -1.052451 10.838495
8.702133 1.000000 0.628319 0.652544 -1.052451 10.838495
8.732575 1.000000 0.628319 0.612437 -1.027799 10.901327
8.762837 1.000000 0.628319 0.573123 -1.002021 10.964158
8.792965 1.000000 0.628319 0.573123 -1.002021 10.964158
8.823281 1.000000 0.628319 0.534663 -0.975120 11.026990
8.853593 1.000000 0.628319 0.534663 -0.975120 11.026990
8.884084 1.000000 0.628319 0.497117 -0.947101 11.089822
8.914531 1.000000 0.628319 0.460545 -0.917968 11.152654
8.944858 1.000000 0.628319 0.460545 -0.917968 11.152654
8.975173 1.000000 0.628319 0.425004 -0.887730 11.215486
9.005489 1.000000 0.628319 0.425004 -0.887730 11.215486
9.035918 1.000000 0.628319 0.390552 -0.856392 11.278318
9.066224 1.000000 0.628319 0.357245 -0.823966 11.341149
9.096682 1.000000 0.628319 0.357245 -0.823966 11.341149
9.127178 1.000000 0.628319 0.325136 -0.790461 11.403981
9.157443 1.000000 0.628319 0.325136 -0.790461 11.403981
9.187831 1.000000 0.628319 0.294280 -0.755889 11.466813
9.218206 1.000000 0.628319 0.264726 -0.720263 11.529645
9.248592 1.000000 0.628319 0.264726 -0.720263 11.529645
9.278858 1.000000 0.628319 0.236524 -0.683599 11.592477
9.309238 1.000000 0.628319 0.236524 -0.683599 11.592477
9.339379 1.000000 0.628319 0.209721 -0.645914 11.655309
9.369574 1.000000 0.628319 0.184364 -0.607225 11.718141
9.399945 1.000000 0.628319 0.184364 -0.607225 11.718141
9.430150 1.000000 0.628319 0.160493 -0.567553 11.780972
9.460552 1.000000 0.628319 0.160493 -0.567553 11.780972
9.490824 1.000000 0.628319 0.138151 -0.526921 11.843804
9.521091 1.000000 0.628319 0.117375 -0.485352 11.906636
9.551365 1.000000 0.628319 0.117375 -0.485352 11.906636
9.581652 1.000000 0.628319 0.098201 -0.442871 11.969468
9.611962 1.000000 0.628319 0.080663 -0.399507 12.032300
9.642342 1.000000 0.628319 0.080663 -0.399507 12.032300
9.672663 1.000000 0.628319 0.064789 -0.355290 12.095132
9.703050 1.000000 0.628319 0.064789 -0.355290 12.095132
9.733434 1.000000 0.628319 0.050609 -0.310251 12.157964
9.763706 1.000000 0.628319 0.038147 -0.264424 12.220795
9.793988 1.000000 0.628319 0.038147 -0.264424 12.220795
9.824248 1.000000 0.628319 0.027424 -0.217844 12.283627
9.854538 1.000000 0.628319 0.027424 -0.217844 12.283627
9.884931 1.000000 0.628319 0.018460 -0.170550 12.346459
9.915223 1.000000 0.628319 0.011269 -0.122582 12.409291
9.945645 1.000000 0.628319 0.011269 -0.122582 12.409291
9.975788 1.000000 0.628319 0.005865 -0.073980 12.472123
10.006066 1.000000 -0.628319 0.005865 -0.073980 12.472123
10.036450 1.000000 -0.628319 0.002257 -0.024790 12.472123
10.066724 1.000000 -0.628319 -0.000451 0.024802 12.409291
10.096845 1.000000 -0.628319 -0.000451 0.024802 12.409291
10.127205 1.000000 -0.628319 -0.004060 0.073992 12.346459
10.157476 1.000000 -0.628319 -0.004060 0.073992 12.346459
10.187588 1.000000 -0.628319 -0.009464 0.122594 12.283627
10.217786 1.000000 -0.628319 -0.016656 0.170562 12.220795
10.248179 1.000000 -0.628319 -0.016656 0.170562 12.220795
10.278575 1.000000 -0.628319 -0.025621 0.217856 12.157964
10.308966 1.000000 -0.628319 -0.025621 0.217856 12.157964
10.339243 1.000000 -0.628319 -0.036346 0.264436 12.095132
10.369696 1.000000 -0.628319 -0.048810 0.310263 12.032300
10.400114 1.000000 -0.628319 -0.048810 0.310263 12.032300
10.430502 1.000000 -0.628319 -0.062991 0.355302 11.969468
10.460731 1.000000 -0.628319 -0.062991 0.355302 11.969468
10.491057 1.000000 -0.628319 -0.078867 0.399519 11.906636
10.521202 1.000000 -0.628319 -0.096408 0.442883 11.843804
10.551672 1.000000 -0.628319 -0.096408 0.442883 11.843804
10.582101 1.000000 -0.628319 -0.115584 0.485363 11.780972
10.612553 1.000000 -0.628319 -0.115584 0.485363 11.780972
10.642877 1.000000 -0.628319 -0.136362 0.526933 11.718141
10.673189 1.000000 -0.628319 -0.158708 0.567565 11.655309
10.703608 1.000000 -0.628319 -0.158708 0.567565 11.655309
10.734070 1.000000 -0.628319 -0.182581 0.607236 11.592477
10.764419 1.000000 -0.628319 -0.182581 0.607236 11.592477
10.794640 1.000000 -0.628319 -0.207942 0.645925 11.529645
10.824825 1.000000 -0.628319 -0.234748 0.683610 11.466813
10.855126 1.000000 -0.628319 -0.234748 0.683610 11.466813
10.885466 1.000000 -0.628319 -0.262954 0.720274 11.403981
10.915919 1.000000 -0.628319 -0.262954 0.720274 11.403981
10.946310 1.000000 -0.628319 -0.292512 0.755900 11.341149
10.976736 1.000000 -0.628319 -0.323373 0.790472 11.278318
11.007046 1.000000 -0.628319 -0.323373 0.790472 11.278318
11.037483 1.000000 -0.628319 -0.355485 0.823977 11.215486
11.067901 1.000000 -0.628319 -0.355485 0.823977 11.215486
11.098230 1.000000 -0.628319 -0.388797 0.856404 11.152654
11.128539 1.000000 -0.628319 -0.423254 0.887741 11.089822
11.158860 1.000000 -0.628319 -0.423254 0.887741 11.089822
11.189142 1.000000 -0.628319 -0.458800 0.917979 11.026990
11.219566 1.000000 -0.628319 -0.458800 0.917979 11.026990
11.250007 1.000000 -0.628319 -0.495377 0.947112 10.964158
11.280553 1.000000 -0.628319 -0.532928 0.975131 10.901327
11.310889 1.000000 -0.628319 -0.532928 0.975131 10.901327
11.341192 1.000000 -0.628319 -0.571394 1.002032 10.838495
11.371491 1.000000 -0.628319 -0.571394 1.002032 10.838495
11.401920 1.000000 -0.628319 -0.610713 1.027810 10.775663
11.432344 1.000000 -0.628319 -0.650826 1.052462 10.712831
11.462770 1.000000 -0.628319 -0.650826 1.052462 10.712831
11.493200 1.000000 -0.628319 -0.691671 1.075986 10.649999
11.523527 1.000000 -0.628319 -0.691671 1.075986 10.649999
11.553864 1.000000 -0.628319 -0.733187 1.098379 10.587167
11.584167 1.000000 -0.628319 -0.775310 1.119640 10.524335
11.614446 1.000000 -0.628319 -0.775310 1.119640 10.524335
11.644713 1.000000 -0.628319 -0.817980 1.139770 10.461504
11.675053 1.000000 -0.628319 -0.861133 1.158768 10.398672
11.705420 1.000000 -0.628319 -0.861133 1.158768 10.398672
11.735983 1.000000 -0.628319 -0.904708 1.176635 10.335840
11.766288 1.000000 -0.628319 -0.904708 1.176635 10.335840
11.796600 1.000000 -0.628319 -0.948643 1.193373 10.273008
11.826799 1.000000 -0.628319 -0.992877 1.208982 10.210176
11.857067 1.000000 -0.628319 -0.992877 1.208982 10.210176
11.887420 1.000000 -0.628319 -1.037349 1.223465 10.147344
11.917819 1.000000 -0.628319 -1.037349 1.223465 10.147344
11.948211 1.000000 -0.628319 -1.081998 1.236822 10.084512
11.978598 1.000000 -0.628319 -1.126766 1.249058 10.021681
12.009013 1.000000 -0.628319 -1.126766 1.249058 10.021681
12.039306 1.000000 -0.628319 -1.171594 1.260172 9.958849
12.069660 1.000000 -0.628319 -1.171594 1.260172 9.958849
12.099891 1.000000 -0.628319 -1.216426 1.270168 9.896017
12.130000 1.000000 -0.628319 -1.261204 1.279047 9.833185
12.160390 1.000000 -0.628319 -1.261204 1.279047 9.833185
12.190665 1.000000 -0.628319 -1.305874 1.286812 9.770353
12.221091 1.000000 -0.628319 -1.305874 1.286812 9.770353
12.251351 1.000000 -0.628319 -1.350383 1.293464 9.707521
12.281744 1.000000 -0.628319 -1.394678 1.299004 9.644689
12.312016 1.000000 -0.628319 -1.394678 1.299004 9.644689
12.342194 1.000000 -0.628319 -1.438709 1.303435 9.581858
12.372453 1.000000 -0.628319 -1.438709 1.303435 9.581858
12.402580 1.000000 -0.628319 -1.482426 1.306757 9.519026
12.432781 1.000000 -0.628319 -1.525784 1.308971 9.456194
12.463173 1.000000 -0.628319 -1.525784 1.308971 9.456194
12.493406 1.000000 -0.628319 -1.568735 1.310078 9.393362
12.523673 1.000000 -0.628319 -1.568735 1.310078 9.393362
12.553939 1.000000 -0.628319 -1.611236 1.310078 9.330530
12.584223 1.000000 -0.628319 -1.653245 1.308971 9.267698
12.614492 1.000000 -0.628319 -1.653245 1.308971 9.267698
12.644877 1.000000 -0.628319 -1.694723 1.306757 9.204866
12.675140 1.000000 -0.628319 -1.694723 1.306757 9.204866
12.705429 1.000000 -0.628319 -1.735631 1.303435 9.142035
12.735721 1.000000 -0.628319 -1.775932 1.299004 9.079203
12.765996 1.000000 -0.628319 -1.775932 1.299004 9.079203
12.796105 1.000000 -0.628319 -1.815593 1.293464 9.016371
12.826401 1.000000 -0.628319 -1.815593 1.293464 9.016371
12.856665 1.000000 -0.628319 -1.854581 1.286812 8.953539
12.887089 1.000000 -0.628319 -1.892866 1.279047 8.890707
12.917380 1.000000 -0.628319 -1.892866 1.279047 8.890707
12.947653 1.000000 -0.628319 -1.930420 1.270168 8.827875
12.977796 1.000000 -0.628319 -1.930420 1.270168 8.827875
13.008155 1.000000 -0.628319 -1.967216 1.260172 8.765044
13.038439 1.000000 -0.628319 -2.003230 1.249058 8.702212
13.068790 1.000000 -0.628319 -2.003230 1.249058 8.702212
13.099164 1.000000 -0.628319 -2.038439 1.236822 8.639380
13.129550 1.000000 -0.628319 -2.038439 1.236822 8.639380
13.159940 1.000000 -0.628319 -2.072822 1.223465 8.576548
13.190212 1.000000 -0.628319 -2.106362 1.208982 8.513716
13.220595 1.000000 -0.628319 -2.106362 1.208982 8.513716
13.251026 1.000000 -0.628319 -2.139041 1.193373 8.450884
13.281153 1.000000 -0.628319 -2.139041 1.193373 8.450884
13.311536 1.000000 -0.628319 -2.170844 1.176635 8.388052
13.341937 1.000000 -0.628319 -2.201757 1.158768 8.325221
13.372212 1.000000 -0.628319 -2.201757 1.158768 8.325221
13.402320 1.000000 -0.628319 -2.231769 1.139770 8.262389
13.432389 1.000000 -0.628319 -2.260869 1.119640 8.199557
13.462835 1.000000 -0.628319 -2.260869 1.119640 8.199557
13.493216 1.000000 -0.628319 -2.289050 1.098379 8.136725
13.523426 1.000000 -0.628319 -2.289050 1.098379 8.136725
13.553687 1.000000 -0.628319 -2.316303 1.075986 8.073893
13.583793 1.000000 -0.628319 -2.342623 1.052462 8.011061
13.613911 1.000000 -0.628319 -2.342623 1.052462 8.011061
13.644025 1.000000 -0.628319 -2.368005 1.027810 7.948229
13.674317 1.000000 -0.628319 -2.368005 1.027810 7.948229
13.704601 1.000000 -0.628319 -2.392447 1.002032 7.885398
13.734927 1.000000 -0.628319 -2.415946 0.975131 7.822566
13.765044 1.000000 -0.628319 -2.415946 0.975131 7.822566
13.795428 1.000000 -0.628319 -2.438500 0.947112 7.759734
13.825706 1.000000 -0.628319 -2.438500 0.947112 7.759734
13.855978 1.000000 -0.628319 -2.460111 0.917979 7.696902
13.886100 1.000000 -0.628319 -2.480779 0.887741 7.634070
13.916391 1.000000 -0.628319 -2.480779 0.887741 7.634070
13.946771 1.000000 -0.628319 -2.500505 0.856404 7.571238
13.976936 1.000000 -0.628319 -2.500505 0.856404 7.571238
14.007203 1.000000 -0.628319 -2.519291 0.823977 7.508406
14.037434 1.000000 -0.628319 -2.537142 0.790472 7.445575
14.067819 1.000000 -0.628319 -2.537142 0.790472 7.445575
14.098202 1.000000 -0.628319 -2.554059 0.755900 7.382743
14.128330 1.000000 -0.628319 -2.554059 0.755900 7.382743
14.158435 1.000000 -0.628319 -2.570048 0.720274 7.319911
14.188706 1.000000 -0.628319 -2.585112 0.683610 7.257079
14.218798 1.000000 -0.628319 -2.585112 0.683610 7.257079
14.249168 1.000000 -0.628319 -2.599257 0.645925 7.194247
14.279577 1.000000 -0.628319 -2.599257 0.645925 7.194247
14.309966 1.000000 -0.628319 -2.612486 0.607236 7.131415
14.340246 1.000000 -0.628319 -2.624804 0.567565 7.068583
14.370679 1.000000 -0.628319 -2.624804 0.567565 7.068583
14.401062 1.000000 -0.628319 -2.636218 0.526933 7.005752
14.431345 1.000000 -0.628319 -2.636218 0.526933 7.005752
14.461523 1.000000 -0.628319 -2.646731 0.485363 6.942920
14.491900 1.000000 -0.628319 -2.656348 0.442883 6.880088
14.522270 1.000000 -0.628319 -2.656348 0.442883 6.880088
14.552669 1.000000 -0.628319 -2.665074 0.399519 6.817256
14.582939 1.000000 -0.628319 -2.665074 0.399519 6.817256
14.613330 1.000000 -0.628319 -2.672914 0.355302 6.754424
14.643575 1.000000 -0.628319 -2.679871 0.310263 6.691592
14.673844 1.000000 -0.628319 -2.679871 0.310263 6.691592
14.703959 1.000000 -0.628319 -2.685950 0.264436 6.628760
14.734250 1.000000 -0.628319 -2.685950 0.264436 6.628760
14.764647 1.000000 -0.628319 -2.691154 0.217856 6.565929
14.794875 1.000000 -0.628319 -2.695485 0.170562 6.503097
14.825260 1.000000 -0.628319 -2.695485 0.170562 6.503097
14.855532 1.000000 -0.628319 -2.698947 0.122594 6.440265
14.885782 1.000000 -0.628319 -2.698947 0.122594 6.440265
14.916056 1.000000 -0.628319 -2.701542 0.073992 6.377433
14.946445 1.000000 -0.628319 -2.703271 0.024802 6.314601
14.976838 1.000000 -0.628319 -2.703271 0.024802 6.314601
15.007093 1.000000 -0.628319 -2.704135 -0.024932 6.251769
15.037482 1.000000 -0.628319 -2.704135 -0.024932 6.251769
15.067750 1.000000 -0.628319 -2.704135 -0.075161 6.188938
15.098092 1.000000 -0.628319 -2.703271 -0.125837 6.126106
15.128482 1.000000 -0.628319 -2.703271 -0.125837 6.126106
15.158746 1.000000 -0.628319 -2.701542 -0.176907 6.063274
15.188850 1.000000 -0.628319 -2.701542 -0.176907 6.063274
15.219225 1.000000 -0.628319 -2.698947 -0.228318 6.000442
15.249611 1.000000 -0.628319 -2.695485 -0.280016 5.937610
15.280033 1.000000 -0.628319 -2.695485 -0.280016 5.937610
15.310438 1.000000 -0.628319 -2.691154 -0.331944 5.874778
15.340554 1.000000 -0.628319 -2.691154 -0.331944 5.874778
15.370920 1.000000 -0.628319 -2.685950 -0.384044 5.811946
15.401196 1.000000 -0.628319 -2.679871 -0.436256 5.749115
15.431476 1.000000 -0.628319 -2.679871 -0.436256 5.749115
15.461904 1.000000 -0.628319 -2.672914 -0.488520 5.686283
15.492146 1.000000 -0.628319 -2.665074 -0.540773 5.623451
15.522433 1.000000 -0.628319 -2.665074 -0.540773 5.623451
15.552836 1.000000 -0.628319 -2.656348 -0.592951 5.560619
15.583226 1.000000 -0.628319 -2.656348 -0.592951 5.560619
15.613691 1.000000 -0.628319 -2.646731 -0.644990 5.497787
15.643813 1.000000 -0.628319 -2.636218 -0.696825 5.434955
15.674095 1.000000 -0.628319 -2.636218 -0.696825 5.434955
15.704468 1.000000 -0.628319 -2.624804 -0.748389 5.372123
15.734733 1.000000 -0.628319 -2.624804 -0.748389 5.372123
15.765119 1.000000 -0.628319 -2.612486 -0.799616 5.309292
15.795409 1.000000 -0.628319 -2.599257 -0.850437 5.246460
15.825712 1.000000 -0.628319 -2.599257 -0.850437 5.246460
15.855977 1.000000 -0.628319 -2.585112 -0.900784 5.183628
15.886177 1.000000 -0.628319 -2.585112 -0.900784 5.183628
15.916303 1.000000 -0.628319 -2.570048 -0.950589 5.120796
15.946426 1.000000 -0.628319 -2.554059 -0.999784 5.057964
15.976563 1.000000 -0.628319 -2.554059 -0.999784 5.057964
16.006839 1.000000 -0.628319 -2.537142 -1.048299 4.995132
16.037139 1.000000 -0.628319 -2.537142 -1.048299 4.995132
16.067538 1.000000 -0.628319 -2.519291 -1.096067 4.932300
16.097937 1.000000 -0.628319 -2.500505 -1.143018 4.869469
16.128320 1.000000 -0.628319 -2.500505 -1.143018 4.869469
16.158591 1.000000 -0.628319 -2.480779 -1.189086 4.806637
16.188855 1.000000 -0.628319 -2.480779 -1.189086 4.806637
16.219242 1.000000 -0.628319 -2.460111 -1.234203 4.743805
16.249664 1.000000 -0.628319 -2.438500 -1.278302 4.680973
16.280056 1.000000 -0.628319 -2.438500 -1.278302 4.680973
16.310438 1.000000 -0.628319 -2.415946 -1.321317 4.618141
16.340715 1.000000 -0.628319 -2.415946 -1.321317 4.618141
16.370825 1.000000 -0.628319 -2.392447 -1.363185 4.555309
16.401213 1.000000 -0.628319 -2.368005 -1.403841 4.492477
16.431467 1.000000 -0.628319 -2.368005 -1.403841 4.492477
16.461830 1.000000 -0.628319 -2.342623 -1.443224 4.429646
16.491952 1.000000 -0.628319 -2.342623 -1.443224 4.429646
16.522219 1.000000 -0.628319 -2.316303 -1.481273 4.366814
16.552480 1.000000 -0.628319 -2.289050 -1.517928 4.303982
16.582750 1.000000 -0.628319 -2.289050 -1.517928 4.303982
16.613015 1.000000 -0.628319 -2.260869 -1.553133 4.241150
16.643241 1.000000 -0.628319 -2.260869 -1.553133 4.241150
16.673510 1.000000 -0.628319 -2.231769 -1.586831 4.178318
16.703930 1.000000 -0.628319 -2.201757 -1.618971 4.115486
16.734304 1.000000 -0.628319 -2.201757 -1.618971 4.115486
16.764562 1.000000 -0.628319 -2.170844 -1.649500 4.052655
16.794953 1.000000 -0.628319 -2.170844 -1.649500 4.052655
16.825336 1.000000 -0.628319 -2.139041 -1.678370 3.989823
16.855579 1.000000 -0.628319 -2.106362 -1.705534 3.926991
16.885980 1.000000 -0.628319 -2.106362 -1.705534 3.926991
16.916251 1.000000 -0.628319 -2.072822 -1.730948 3.864159
16.946477 1.000000 -0.628319 -2.072822 -1.730948 3.864159
16.976868 1.000000 -0.628319 -2.038439 -1.754572 3.801327
17.007151 1.000000 -0.628319 -2.003230 -1.776366 3.738495
17.037531 1.000000 -0.628319 -2.003230 -1.776366 3.738495
17.067787 1.000000 -0.628319 -1.967216 -1.796295 3.675663
17.098173 1.000000 -0.628319 -1.967216 -1.796295 3.675663
17.128566 1.000000 -0.628319 -1.930420 -1.814326 3.612832
17.158794 1.000000 -0.628319 -1.892866 -1.830430 3.550000
17.189065 1.000000 -0.628319 -1.892866 -1.830430 3.550000
17.219457 1.000000 -0.628319 -1.854581 -1.844580 3.487168
17.249701 1.000000 -0.628319 -1.854581 -1.844580 3.487168
17.280093 1.000000 -0.628319 -1.815593 -1.856752 3.424336
17.310489 1.000000 -0.628319 -1.775932 -1.866927 3.361504
17.340779 1.000000 -0.628319 -1.775932 -1.866927 3.361504
17.370882 1.000000 -0.628319 -1.735631 -1.875087 3.298672
17.401152 1.000000 -0.628319 -1.735631 -1.875087 3.298672
17.431454 1.000000 -0.628319 -1.694723 -1.881219 3.235840
17.461644 1.000000 -0.628319 -1.653245 -1.885312 3.173009
17.492010 1.000000 -0.628319 -1.653245 -1.885312 3.173009
17.522285 1.000000 -0.628319 -1.611236 -1.887361 3.110177
17.552412 1.000000 -0.628319 -1.611236 -1.887361 3.110177
17.582679 1.000000 -0.628319 -1.568735 -1.887361 3.047345
17.612931 1.000000 -0.628319 -1.525784 -1.885312 2.984513
17.643191 1.000000 -0.628319 -1.525784 -1.885312 2.984513
17.673471 1.000000 -0.628319 -1.482426 -1.881219 2.921681
17.703753 1.000000 -0.628319 -1.482426 -1.881219 2.921681
17.734132 1.000000 -0.628319 -1.438709 -1.875087 2.858849
17.764490 1.000000 -0.628319 -1.394678 -1.866927 2.796017
17.794770 1.000000 -0.628319 -1.394678 -1.866927 2.796017
17.825049 1.000000 -0.628319 -1.350383 -1.856752 2.733186
17.855163 1.000000 -0.628319 -1.350383 -1.856752 2.733186
17.885442 1.000000 -0.628319 -1.305874 -1.844580 2.670354
17.915854 1.000000 -0.628319 -1.261204 -1.830430 2.607522
17.946248 1.000000 -0.628319 -1.261204 -1.830430 2.607522
17.976670 1.000000 -0.628319 -1.216426 -1.814326 2.544690
18.006934 1.000000 -0.628319 -1.216426 -1.814326 2.544690
18.037316 1.000000 -0.628319 -1.171594 -1.796295 2.481858
18.067524 1.000000 -0.628319 -1.126766 -1.776366 2.419026
18.097801 1.000000 -0.628319 -1.126766 -1.776366 2.419026
18.128190 1.000000 -0.628319 -1.081998 -1.754572 2.356194
18.158425 1.000000 -0.628319 -1.081998 -1.754572 2.356194
18.188692 1.000000 -0.628319 -1.037349 -1.730948 2.293363
18.218805 1.000000 -0.628319 -0.992877 -1.705534 2.230531
18.249091 1.000000 -0.628319 -0.992877 -1.705534 2.230531
18.279317 1.000000 -0.628319 -0.948643 -1.678370 2.167699
18.309731 1.000000 -0.628319 -0.948643 -1.678370 2.167699
18.339832 1.000000 -0.628319 -0.904708 -1.649500 2.104867
18.370223 1.000000 -0.628319 -0.861133 -1.618971 2.042035
18.400518 1.000000 -0.628319 -0.861133 -1.618971 2.042035
18.430795 1.000000 -0.628319 -0.817980 -1.586831 1.979203
18.460912 1.000000 -0.628319 -0.775310 -1.553133 1.916372
18.491190 1.000000 -0.628319 -0.775310 -1.553133 1.916372
18.521453 1.000000 -0.628319 -0.733187 -1.517928 1.853540
18.551546 1.000000 -0.628319 -0.733187 -1.517928 1.853540
18.581928 1.000000 -0.628319 -0.691671 -1.481273 1.790708
18.612218 1.000000 -0.628319 -0.650826 -1.443224 1.727876
18.642444 1.000000 -0.628319 -0.650826 -1.443224 1.727876
18.672732 1.000000 -0.628319 -0.610713 -1.403841 1.665044
18.702964 1.000000 -0.628319 -0.610713 -1.403841 1.665044
18.733352 1.000000 -0.628319 -0.571394 -1.363185 1.602212
18.763755 1.000000 -0.628319 -0.532928 -1.321317 1.539380
18.794141 1.000000 -0.628319 -0.532928 -1.321317 1.539380
18.824415 1.000000 -0.628319 -0.495377 -1.278302 1.476549
18.854692 1.000000 -0.628319 -0.495377 -1.278302 1.476549
18.884994 1.000000 -0.628319 -0.458800 -1.234203 1.413717
18.915278 1.000000 -0.628319 -0.423254 -1.189086 1.350885
18.945515 1.000000 -0.628319 -0.423254 -1.189086 1.350885
18.975762 1.000000 -0.628319 -0.388797 -1.143018 1.288053
19.005966 1.000000 -0.628319 -0.388797 -1.143018 1.288053
19.036246 1.000000 -0.628319 -0.355485 -1.096067 1.225221
19.066520 1.000000 -0.628319 -0.323373 -1.048299 1.162389
19.096904 1.000000 -0.628319 -0.323373 -1.048299 1.162389
19.127175 1.000000 -0.628319 -0.292512 -0.999784 1.099557
19.157412 1.000000 -0.628319 -0.292512 -0.999784 1.099557
19.187800 1.000000 -0.628319 -0.262954 -0.950589 1.036726
19.218192 1.000000 -0.628319 -0.234748 -0.900784 0.973894
19.248576 1.000000 -0.628319 -0.234748 -0.900784 0.973894
19.278968 1.000000 -0.628319 -0.207942 -0.850437 0.911062
19.309242 1.000000 -0.628319 -0.207942 -0.850437 0.911062
19.339517 1.000000 -0.628319 -0.182581 -0.799616 0.848230
19.369893 1.000000 -0.628319 -0.158708 -0.748389 0.785398
19.400192 1.000000 -0.628319 -0.158708 -0.748389 0.785398
19.430453 1.000000 -0.628319 -0.136362 -0.696825 0.722566
19.460708 1.000000 -0.628319 -0.136362 -0.696825 0.722566
19.490986 1.000000 -0.628319 -0.115584 -0.644990 0.659734
19.521397 1.000000 -0.628319 -0.096408 -0.592951 0.596903
19.551783 1.000000 -0.628319 -0.096408 -0.592951 0.596903
19.582192 1.000000 -0.628319 -0.078867 -0.540773 0.534071
19.612572 1.000000 -0.628319 -0.078867 -0.540773 0.534071
19.642953 1.000000 -0.628319 -0.062991 -0.488520 0.471239
19.673216 1.000000 -0.628319 -0.048810 -0.436256 0.408407
19.703468 1.000000 -0.628319 -0.048810 -0.436256 0.408407
19.733851 1.000000 -0.628319 -0.036346 -0.384044 0.345575
19.764242 1.000000 -0.628319 -0.036346 -0.384044 0.345575
19.794683 1.000000 -0.628319 -0.025621 -0.331944 0.282743
19.824955 1.000000 -0.628319 -0.016656 -0.280016 0.219911
19.855223 1.000000 -0.628319 -0.016656 -0.280016 0.219911
19.885531 1.000000 -0.628319 -0.009464 -0.228318 0.157080
19.916061 1.000000 -0.628319 -0.009464 -0.228318 0.157080
19.946344 1.000000 -0.628319 -0.004060 -0.176907 0.094248
19.976610 1.000000 -0.628319 -0.000451 -0.125837 0.031416
20.006919 1.000000 -0.628319 -0.000451 -0.125837 0.031416
