Execução    Período (ms)     Jitter (ms)
       1          30.185           0.185
       2          30.249           0.249
       3          30.265           0.265
       4          30.307           0.307
       5          30.388           0.388
       6          30.239           0.239
       7          30.334           0.334
       8          30.163           0.163
       9          30.322           0.322
      10          30.365           0.365
      11          30.128           0.128
      12          30.327           0.327
      13          30.312           0.312
      14          30.319           0.319
      15          30.284           0.284
      16          30.271           0.271
      17          30.285           0.285
      18          30.379           0.379
      19          30.091           0.091
      20          30.292           0.292
      21          30.190           0.190
      22          30.264           0.264
      23          30.262           0.262
      24          30.366           0.366
      25          30.233           0.233
      26          30.265           0.265
      27          30.283           0.283
      28          30.311           0.311
      29          30.471           0.471
      30          30.284           0.284
      31          30.215           0.215
      32          30.293           0.293
      33          30.217           0.217
      34          30.182           0.182
      35          30.223           0.223
      36          30.274           0.274
      37          30.279           0.279
      38          30.267           0.267
      39          30.259           0.259
      40          30.398           0.398
      41          30.281           0.281
      42          30.265           0.265
      43          30.093           0.093
      44          30.357           0.357
      45          30.237           0.237
      46          30.258           0.258
      47          30.276           0.276
      48          30.256           0.256
      49          30.110           0.110
      50          30.266           0.266
      51          30.404           0.404
      52          30.163           0.163
      53          30.172           0.172
      54          30.312           0.312
      55          30.308           0.308
      56          30.404           0.404
      57          30.458           0.458
      58          30.290           0.290
      59          30.443           0.443
      60          30.428           0.428
      61          30.423           0.423
      62          30.440           0.440
      63          30.308           0.308
      64          30.316           0.316
      65          30.361           0.361
      66          30.431           0.431
      67          30.257           0.257
      68          30.286           0.286
      69          30.313           0.313
      70          30.315           0.315
      71          30.295           0.295
      72          30.311           0.311
      73          30.423           0.423
      74          30.364           0.364
      75          30.313           0.313
      76          30.552           0.552
      77          30.298           0.298
      78          30.243           0.243
      79          30.449           0.449
      80          30.318           0.318
      81          30.320           0.320
      82          30.302           0.302
      83          30.422           0.422
      84          30.128           0.128
      85          30.425           0.425
      86          30.168           0.168
      87          30.473           0.473
      88          30.101           0.101
      89          30.418           0.418
      90          30.450           0.450
      91          30.276           0.276
      92          30.342           0.342
      93          30.213           0.213
      94          30.418           0.418
      95          30.377           0.377
      96          30.300           0.300
      97          30.311           0.311
      98          30.287           0.287
      99          30.431           0.431
     100          30.266           0.266
     101          30.430           0.430
     102          30.303           0.303
     103          30.154           0.154
     104          30.425           0.425
     105          30.311           0.311
     106          30.427           0.427
     107          30.353           0.353
     108          30.195           0.195
     109          30.424           0.424
     110          30.307           0.307
     111          30.382           0.382
     112          30.320           0.320
     113          30.480           0.480
     114          30.311           0.311
     115          30.428           0.428
     116          30.124           0.124
     117          30.419           0.419
     118          30.155           0.155
     119          30.308           0.308
     120          30.428           0.428
     121          30.321           0.321
     122          30.305           0.305
     123          30.428           0.428
     124          30.317           0.317
     125          30.258           0.258
     126          30.387           0.387
     127          30.434           0.434
     128          30.314           0.314
     129          30.423           0.423
     130          30.118           0.118
     131          30.305           0.305
     132          30.448           0.448
     133          30.371           0.371
     134          30.308           0.308
     135          30.277           0.277
     136          30.313           0.313
     137          30.453           0.453
     138          30.297           0.297
     139          30.322           0.322
     140          30.317           0.317
     141          30.303           0.303
     142          30.427           0.427
     143          30.430           0.430
     144          30.201           0.201
     145          30.433           0.433
     146          30.296           0.296
     147          30.217           0.217
     148          30.379           0.379
     149          30.320           0.320
     150          30.296           0.296
     151          30.258           0.258
     152          30.425           0.425
     153          30.504           0.504
     154          30.453           0.453
     155          30.196           0.196
     156          30.150           0.150
     157          30.296           0.296
     158          30.314           0.314
     159          30.289           0.289
     160          30.422           0.422
     161          30.307           0.307
     162          30.169           0.169
     163          30.334           0.334
     164          30.273           0.273
     165          30.313           0.313
     166          30.208           0.208
     167          30.430           0.430
     168          30.429           0.429
     169          30.153           0.153
     170          30.453           0.453
     171          30.199           0.199
     172          30.306           0.306
     173          30.306           0.306
     174          30.331           0.331
     175          30.412           0.412
     176          30.103           0.103
     177          30.143           0.143
     178          30.273           0.273
     179          30.418           0.418
     180          30.102           0.102
     181          30.144           0.144
     182          30.490           0.490
     183          30.467           0.467
     184          30.349           0.349
     185          30.329           0.329
     186          30.161           0.161
     187          30.420           0.420
     188          30.312           0.312
     189          30.314           0.314
     190          30.156           0.156
     191          30.157           0.157
     192          30.419           0.419
     193          30.415           0.415
     194          30.310           0.310
     195          30.417           0.417
     196          30.301           0.301
     197          30.426           0.426
     198          30.456           0.456
     199          30.443           0.443
     200          30.306           0.306
     201          30.419           0.419
     202          30.298           0.298
     203          30.429           0.429
     204          30.422           0.422
     205          30.432           0.432
     206          30.423           0.423
     207          30.274           0.274
     208          30.305           0.305
     209          30.431           0.431
     210          30.314           0.314
     211          30.429           0.429
     212          30.423           0.423
     213          30.349           0.349
     214          30.432           0.432
     215          30.318           0.318
     216          30.318           0.318
     217          30.336           0.336
     218          30.347           0.347
     219          30.326           0.326
     220          30.438           0.438
     221          30.468           0.468
     222          30.337           0.337
     223          30.336           0.336
     224          30.332           0.332
     225          30.318           0.318
     226          30.347           0.347
     227          30.446           0.446
     228          30.329           0.329
     229          30.097           0.097
     230          30.167           0.167
     231          30.134           0.134
     232          30.420           0.420
     233          30.422           0.422
     234          30.105           0.105
     235          30.316           0.316
     236          30.156           0.156
     237          30.131           0.131
     238          30.316           0.316
     239          30.223           0.223
     240          30.482           0.482
     241          30.312           0.312
     242          30.425           0.425
     243          30.313           0.313
     244          30.292           0.292
     245          30.429           0.429
     246          30.310           0.310
     247          30.314           0.314
     248          30.447           0.447
     249          30.313           0.313
     250          30.273           0.273
     251          30.290           0.290
     252          30.311           0.311
     253          30.432           0.432
     254          30.375           0.375
     255          30.425           0.425
     256          30.422           0.422
     257          30.338           0.338
     258          30.308           0.308
     259          30.417           0.417
     260          30.433           0.433
     261          30.432           0.432
     262          30.413           0.413
     263          30.430           0.430
     264          30.291           0.291
     265          30.419           0.419
     266          30.434           0.434
     267          30.421           0.421
     268          30.372           0.372
     269          30.327           0.327
     270          30.427           0.427
     271          30.394           0.394
     272          30.465           0.465
     273          30.153           0.153
     274          30.187           0.187
     275          30.303           0.303
     276          30.111           0.111
     277          30.294           0.294
     278          30.279           0.279
     279          30.419           0.419
     280          30.219           0.219
     281          30.099           0.099
     282          30.421           0.421
     283          30.412           0.412
     284          30.109           0.109
     285          30.307           0.307
     286          30.309           0.309
     287          30.430           0.430
     288          30.442           0.442
     289          30.262           0.262
     290          30.128           0.128
     291          30.316           0.316
     292          30.312           0.312
     293          30.491           0.491
     294          30.447           0.447
     295          30.327           0.327
     296          30.315           0.315
     297          30.316           0.316
     298          30.429           0.429
     299          30.306           0.306
     300          30.458           0.458
     301          30.496           0.496
     302          30.265           0.265
     303          30.388           0.388
     304          30.375           0.375
     305          30.386           0.386
     306          30.266           0.266
     307          30.380           0.380
     308          30.141           0.141
     309          30.195           0.195
     310          30.371           0.371
     311          30.205           0.205
     312          30.402           0.402
     313          30.272           0.272
     314          30.267           0.267
     315          30.274           0.274
     316          30.287           0.287
     317          30.310           0.310
     318          30.380           0.380
     319          30.321           0.321
     320          30.387           0.387
     321          30.384           0.384
     322          30.272           0.272
     323          30.282           0.282
     324          30.260           0.260
     325          30.290           0.290
     326          30.393           0.393
     327          30.292           0.292
     328          30.422           0.422
     329          30.143           0.143
     330          30.278           0.278
     331          30.384           0.384
     332          30.274           0.274
     333          30.121           0.121
     334          30.360           0.360
     335          30.271           0.271
     336          30.112           0.112
     337          30.198           0.198
     338          30.393           0.393
     339          30.396           0.396
     340          30.391           0.391
     341          30.277           0.277
     342          30.453           0.453
     343          30.418           0.418
     344          30.388           0.388
     345          30.229           0.229
     346          30.326           0.326
     347          30.145           0.145
     348          30.470           0.470
     349          30.429           0.429
     350          30.452           0.452
     351          30.324           0.324
     352          30.312           0.312
     353          30.419           0.419
     354          30.462           0.462
     355          30.349           0.349
     356          30.221           0.221
     357          30.185           0.185
     358          30.301           0.301
     359          30.340           0.340
     360          30.453           0.453
     361          30.391           0.391
     362          30.426           0.426
     363          30.310           0.310
     364          30.437           0.437
     365          30.418           0.418
     366          30.329           0.329
     367          30.309           0.309
     368          30.321           0.321
     369          30.282           0.282
     370          30.424           0.424
     371          30.441           0.441
     372          30.546           0.546
     373          30.336           0.336
     374          30.303           0.303
     375          30.299           0.299
     376          30.429           0.429
     377          30.424           0.424
     378          30.426           0.426
     379          30.430           0.430
     380          30.327           0.327
     381          30.337           0.337
     382          30.303           0.303
     383          30.279           0.279
     384          30.267           0.267
     385          30.340           0.340
     386          30.367           0.367
     387          30.563           0.563
     388          30.305           0.305
     389          30.312           0.312
     390          30.199           0.199
     391          30.268           0.268
     392          30.353           0.353
     393          30.399           0.399
     394          30.392           0.392
     395          30.387           0.387
     396          30.415           0.415
     397          30.293           0.293
     398          30.354           0.354
     399          30.231           0.231
     400          30.109           0.109
     401          30.390           0.390
     402          30.275           0.275
     403          30.426           0.426
     404          30.260           0.260
     405          30.393           0.393
     406          30.272           0.272
     407          30.178           0.178
     408          30.259           0.259
     409          30.127           0.127
     410          30.201           0.201
     411          30.392           0.392
     412          30.233           0.233
     413          30.267           0.267
     414          30.266           0.266
     415          30.284           0.284
     416          30.269           0.269
     417          30.385           0.385
     418          30.263           0.263
     419          30.289           0.289
     420          30.292           0.292
     421          30.275           0.275
     422          30.109           0.109
     423          30.296           0.296
     424          30.264           0.264
     425          30.424           0.424
     426          30.291           0.291
     427          30.273           0.273
     428          30.143           0.143
     429          30.359           0.359
     430          30.284           0.284
     431          30.351           0.351
     432          30.374           0.374
     433          30.386           0.386
     434          30.390           0.390
     435          30.272           0.272
     436          30.383           0.383
     437          30.431           0.431
     438          30.127           0.127
     439          30.383           0.383
     440          30.401           0.401
     441          30.275           0.275
     442          30.108           0.108
     443          30.069           0.069
     444          30.446           0.446
     445          30.381           0.381
     446          30.210           0.210
     447          30.261           0.261
     448          30.106           0.106
     449          30.118           0.118
     450          30.114           0.114
     451          30.292           0.292
     452          30.284           0.284
     453          30.326           0.326
     454          30.117           0.117
     455          30.384           0.384
     456          30.278           0.278
     457          30.272           0.272
     458          30.122           0.122
     459          30.291           0.291
     460          30.380           0.380
     461          30.165           0.165
     462          30.267           0.267
     463          30.231           0.231
     464          30.385           0.385
     465          30.383           0.383
     466          30.128           0.128
     467          30.105           0.105
     468          30.271           0.271
     469          30.092           0.092
     470          30.370           0.370
     471          30.409           0.409
     472          30.389           0.389
     473          30.280           0.280
     474          30.433           0.433
     475          30.383           0.383
     476          30.283           0.283
     477          30.178           0.178
     478          30.377           0.377
     479          30.370           0.370
     480          30.399           0.399
     481          30.270           0.270
     482          30.391           0.391
     483          30.245           0.245
     484          30.269           0.269
     485          30.115           0.115
     486          30.291           0.291
     487          30.397           0.397
     488          30.228           0.228
     489          30.385           0.385
     490          30.272           0.272
     491          30.250           0.250
     492          30.274           0.274
     493          30.389           0.389
     494          30.393           0.393
     495          30.255           0.255
     496          30.389           0.389
     497          30.268           0.268
     498          30.342           0.342
     499          30.390           0.390
     500          30.264           0.264
     501          30.104           0.104
     502          30.375           0.375
     503          30.386           0.386
     504          30.422           0.422
     505          30.405           0.405
     506          30.116           0.116
     507          30.366           0.366
     508          30.276           0.276
     509          30.280           0.280
     510          30.428           0.428
     511          30.242           0.242
     512          30.287           0.287
     513          30.403           0.403
     514          30.390           0.390
     515          30.465           0.465
     516          30.122           0.122
     517          30.282           0.282
     518          30.373           0.373
     519          30.265           0.265
     520          30.386           0.386
     521          30.290           0.290
     522          30.303           0.303
     523          30.265           0.265
     524          30.200           0.200
     525          30.126           0.126
     526          30.123           0.123
     527          30.137           0.137
     528          30.276           0.276
     529          30.300           0.300
     530          30.399           0.399
     531          30.399           0.399
     532          30.383           0.383
     533          30.271           0.271
     534          30.264           0.264
     535          30.387           0.387
     536          30.422           0.422
     537          30.392           0.392
     538          30.382           0.382
     539          30.277           0.277
     540          30.110           0.110
     541          30.388           0.388
     542          30.254           0.254
     543          30.363           0.363
     544          30.122           0.122
     545          30.267           0.267
     546          30.261           0.261
     547          30.270           0.270
     548          30.265           0.265
     549          30.226           0.226
     550          30.269           0.269
     551          30.420           0.420
     552          30.374           0.374
     553          30.258           0.258
     554          30.391           0.391
     555          30.383           0.383
     556          30.243           0.243
     557          30.401           0.401
     558          30.271           0.271
     559          30.226           0.226
     560          30.391           0.391
     561          30.283           0.283
     562          30.380           0.380
     563          30.256           0.256
     564          30.386           0.386
     565          30.393           0.393
     566          30.228           0.228
     567          30.271           0.271
     568          30.392           0.392
     569          30.244           0.244
     570          30.392           0.392
     571          30.396           0.396
     572          30.290           0.290
     573          30.103           0.103
     574          30.270           0.270
     575          30.302           0.302
     576          30.190           0.190
     577          30.366           0.366
     578          30.275           0.275
     579          30.127           0.127
     580          30.267           0.267
     581          30.252           0.252
     582          30.260           0.260
     583          30.280           0.280
     584          30.282           0.282
     585          30.379           0.379
     586          30.358           0.358
     587          30.280           0.280
     588          30.279           0.279
     589          30.114           0.114
     590          30.279           0.279
     591          30.412           0.412
     592          30.394           0.394
     593          30.422           0.422
     594          30.264           0.264
     595          30.382           0.382
     596          30.208           0.208
     597          30.277           0.277
     598          30.389           0.389
     599          30.235           0.235
     600          30.267           0.267
     601          30.113           0.113
     602          30.286           0.286
     603          30.226           0.226
     604          30.414           0.414
     605          30.101           0.101
     606          30.391           0.391
     607          30.295           0.295
     608          30.277           0.277
     609          30.117           0.117
     610          30.278           0.278
     611          30.263           0.263
     612          30.093           0.093
     613          30.382           0.382
     614          30.290           0.290
     615          30.226           0.226
     616          30.288           0.288
     617          30.232           0.232
     618          30.388           0.388
     619          30.403           0.403
     620          30.386           0.386
     621          30.274           0.274
     622          30.277           0.277
     623          30.302           0.302
     624          30.284           0.284
     625          30.237           0.237
     626          30.247           0.247
     627          30.204           0.204
     628          30.280           0.280
     629          30.274           0.274
     630          30.384           0.384
     631          30.271           0.271
     632          30.237           0.237
     633          30.388           0.388
     634          30.392           0.392
     635          30.384           0.384
     636          30.392           0.392
     637          30.274           0.274
     638          30.275           0.275
     639          30.376           0.376
     640          30.299           0.299
     641          30.261           0.261
     642          30.255           0.255
     643          30.278           0.278
     644          30.411           0.411
     645          30.386           0.386
     646          30.409           0.409
     647          30.380           0.380
     648          30.381           0.381
     649          30.263           0.263
     650          30.252           0.252
     651          30.383           0.383
     652          30.391           0.391
     653          30.441           0.441
     654          30.272           0.272
     655          30.268           0.268
     656          30.308           0.308
     657          30.530           0.530
     658          30.283           0.283
     659          30.266           0.266
     660          30.309           0.309

Estatísticas dos Períodos:
Média: 30.314 ms
Variância: 0.000009 ms²
Desvio padrão: 0.096 ms
Máximo: 30.563 ms
Mínimo: 30.069 ms

Estatísticas do Jitter:
Média: 0.314 ms
Variância: 0.000009 ms²
Desvio padrão: 0.096 ms
Máximo: 0.563 ms
Mínimo: 0.069 ms
